0.000000000000000000e+00
4.446444540118324500e-16
-2.792781507039338283e-16
-2.344921551279881919e-16
1.767588805831284377e-16
-1.604572080455966957e-16
1.090378583979128608e-16
1.461054569766638094e-16
1.556998373021872859e-16
1.044108165399479266e-16
7.035505343844275200e-17
-8.983755833299184754e-17
5.899781273193660295e-17
2.541199469148823831e-17
5.727336337295968044e-17
5.172648628537540486e-18
4.929255353823994562e-17
6.036943609705472615e-18
1.448632655933440705e-17
9.474939738449623993e-17
4.126217253642839581e-17
-5.563994833856196640e-18
8.305513317287701737e-17
6.185423164345466782e-17
2.592562987504767218e-17
-1.080850823189272572e-17
1.097881674670306793e-17
1.489219930404129146e-17
-2.081131336129062878e-17
-1.653080218534706712e-17
-7.795736490910794673e-18
2.051716829976678724e-17
5.481989454248245176e-17
3.505993168052846563e-17
-7.901911847952394409e-18
3.278414424357503904e-17
-2.098570544087244577e-18
-3.530618487712403382e-18
2.367755983695291384e-18
1.987320585289534777e-17
2.276543380992782540e-17
-1.379446805937488587e-17
-2.658741996412858666e-18
-1.787782866648099404e-17
1.996232832584736535e-17
3.012591311680688295e-17
-1.285102498779382941e-17
-1.153050597615567647e-19
3.477388266006965791e-19
1.288113108911301874e-18
3.632406990315329999e-18
-8.235913927223158335e-18
-4.247677720964109136e-18
-7.163614072834179481e-18
1.152922466092945492e-17
1.328613405320861345e-17
-9.439982842309736899e-18
2.455181269572078312e-18
1.428859093151577328e-17
-1.329594737786433859e-17
2.603889972955298563e-18
-3.305840152656086319e-18
1.977648877785079973e-18
8.379841724583305233e-18
-9.860981655340234510e-18
-6.211180574396061432e-18
-3.684761553575498536e-18
7.246711503319398706e-18
7.712375658995113722e-18
3.642977170150051378e-18
3.273656546271066852e-18
8.849342640097046443e-18
5.638143491669680857e-18
-3.533254860977960225e-18
3.324596899223864778e-18
5.781192114440948771e-18
-3.495820861998194792e-18
8.083683708893762679e-18
1.042119212163828260e-18
2.661974832136874003e-18
-1.641142229509629820e-18
-4.891058588890551977e-18
3.932895980799410327e-18
3.782045446203546323e-18
-1.840909800714626740e-18
8.620381305611174266e-18
2.303289459942226046e-19
-1.673549325418239903e-18
4.552292512111473768e-18
7.671111828169927886e-19
-8.387827705564528992e-19
-5.114581824270996898e-19
5.650023681729379124e-18
1.635077331553150089e-19
1.590826789285643321e-18
2.614608246877736834e-18
1.280844938438693318e-18
5.962808034076816361e-19
7.946317471028899302e-19
-3.188869767635677110e-18
-4.344649961558566412e-18
1.181572765542101299e-18
-2.437135473692844974e-18
-8.549472618550840345e-19
2.687939548679082991e-19
-1.306097586207304622e-18
-4.675446079660608893e-19
-3.691529484510478280e-18
-1.621014270661392485e-18
-9.016137421832380641e-19
-3.886338007608797444e-18
4.555101364164264804e-19
3.024128749755955189e-18
-1.576031250725367703e-18
-5.725898907265967432e-19
-2.507409812912418413e-19
1.088658735452569193e-18
-1.914971685881348299e-19
3.174247853895855303e-18
-1.195961183088331795e-18
-3.034154387484440109e-19
-2.483863063331530612e-18
-4.481661668715936025e-18
3.278586151544324229e-19
-8.079822094219827042e-19
-3.396942441509478950e-19
-1.323827160882329633e-19
1.380898894626938936e-18
9.201170160523337316e-19
-2.429526450668325430e-18
7.826216363864394107e-19
-4.603365921426448364e-19
-7.822804363313866230e-19
-1.185190155194144730e-19
-4.338867983953513685e-19
3.734356037585381875e-19
-1.252773629749243057e-18
6.661689446382328634e-19
2.405996561730340605e-18
1.498372971093580285e-18
-4.348857642391823118e-19
-1.900982121598429078e-19
1.243755922698216414e-19
-1.223879361402667995e-18
-6.270803507163465957e-20
8.148388782491170799e-19
-1.239709784985255162e-18
-1.775171109449844450e-18
-5.349330681204511224e-20
-7.424878417189435644e-19
-4.312246487628757596e-19
-5.511412740654592441e-19
-3.196598827097962439e-19
1.347867477679615604e-18
-8.477624664453999734e-19
6.180175334100240014e-19
-9.602451120786030343e-19
-1.043157317732408559e-18
-3.875886038318709235e-19
-7.903900865556926607e-19
-3.857042565870067511e-19
-2.636622183351776997e-19
-1.136005167755933428e-18
-2.189143979682351073e-18
3.986581854373995113e-19
-3.738510541808015452e-19
7.046204002854159504e-19
-3.280844162217636035e-19
2.581253814935436256e-19
8.334164889944363300e-20
1.144821421209506830e-18
1.463304882217292249e-19
-2.445653251513885624e-19
-4.022652081822468966e-19
5.855993820688727022e-19
2.556221532211190380e-19
-6.504237523519865564e-19
-3.544312340038961296e-19
-7.570427268413479324e-19
4.355943446332428687e-19
-2.387301346961175189e-19
3.721532669540173758e-19
-1.578835295440632001e-19
-3.017618752817544820e-19
-9.185575598321557703e-20
-4.958972478260978026e-19
-5.299473230327709298e-19
6.322260574948532800e-19
5.076885240658784673e-19
5.367894969828654289e-19
-6.728832272534190030e-19
4.838110003931655880e-20
4.192613272048380845e-19
2.089212635990292877e-20
7.697182397068088473e-19
2.685243072018058971e-19
-3.378928288617513772e-20
8.299039462821272189e-19
2.652579159721147126e-19
-9.641866356149315718e-20
-1.282068447678301423e-19
2.885456055977668136e-19
-1.345082439509334531e-19
-1.125288136822020965e-19
3.030047661409457551e-19
-1.961008580553957019e-19
-7.946661466404492390e-20
2.075374302940118266e-19
-7.495994575548584706e-20
1.532981918245915066e-19
-1.934724268947704590e-19
2.000719455415365806e-19
2.540359810531882322e-19
-2.080737040149907699e-19
3.306590866414320941e-19
2.557131610948187116e-19
-1.586625834360612152e-19
-8.990813018448080573e-21
-7.896024779348718440e-20
-9.227517104358063537e-20
-4.617660738521034227e-20
3.743813597968028714e-20
-3.036828682086048424e-19
3.641609296805075746e-19
1.008154100814689390e-19
-5.605141491172452378e-20
2.579528587505505033e-19
-1.148440130617551064e-19
1.727805117414590307e-19
1.014407332862160297e-19
-2.234032074104364108e-19
5.357016676460701672e-20
-9.538185186855388679e-20
-1.556013760681705850e-20
1.787117215050797581e-19
2.047992977885710423e-20
-4.371903991603351660e-20
-4.544980772846268897e-20
-1.048740411893442708e-20
5.512281283879420945e-20
1.889924780818804979e-19
-3.450048883315563534e-20
1.546894496383219160e-20
8.840824481678318951e-20
-1.641458972532580521e-19
-1.049217258043248660e-19
9.688150519517804828e-20
1.317938286405187215e-19
5.645311532866747191e-20
-3.103320020561252516e-20
-2.346837260932015040e-20
3.722254128863373248e-20
3.368717835374370775e-19
-9.538854977868528355e-20
3.233444675410678474e-20
1.294281915768229197e-20
-2.895548459696544123e-20
-7.124980790151553710e-21
-5.730035530881453155e-20
6.546332015818173534e-21
3.762298028538769497e-20
-5.670290564129273046e-20
2.537989754842708949e-19
3.460358999421133690e-20
8.601676387895765669e-20
9.920862108948096491e-20
1.084935824540024806e-19
-9.737729320658347472e-20
-1.314719536566808742e-20
3.790142241867199911e-21
-3.804964735588591319e-20
-5.394795732327484119e-20
4.307386538618367826e-20
8.321408062383173270e-20
-9.174208151647478957e-21
7.339486649385329888e-20
-1.058280397500933614e-19
-6.407884258335368218e-20
-2.462185645088472430e-20
5.926971788206298322e-20
2.293470344655209825e-20
-3.124677391959978331e-21
-3.650294485268155007e-20
-5.775315804906371802e-20
-1.469346549053978968e-19
6.611198895956365294e-20
3.400147789810928583e-20
5.180317581669295570e-21
-1.131590164887509097e-20
2.870310252121485316e-21
-3.542254410070725216e-20
-4.761801275339788337e-20
1.589345946556282648e-20
6.126707672973245420e-20
6.953485194669213914e-20
1.089496743759130767e-19
1.109553910922021653e-19
1.026584668091561553e-19
-1.090837049542457225e-20
1.496569214452435806e-20
-4.163547517765743484e-22
1.245610708859174745e-20
4.870854360830742733e-20
1.709559416518076930e-20
-1.687241212363299338e-20
9.188102390422597586e-21
4.533633133823465997e-21
-8.700200158769816158e-20
-2.097325882314454583e-20
1.088647775301911303e-20
-5.806630194218725127e-20
2.874284469415366847e-20
-4.080750015428998950e-20
-3.170852144027865604e-20
1.206214248295374858e-20
-2.152294956394319340e-20
4.804727459880852383e-20
-2.623630217281577039e-20
-2.470943460416849599e-20
2.698580547890717945e-20
5.164174153586016924e-20
9.944570121167325446e-21
1.668836500909060000e-19
-4.365066036370863511e-20
8.327711121564317155e-20
-4.937961395957144072e-21
-1.279572712898878471e-20
-2.430815608902174412e-20
1.343602238276716009e-20
-5.704882154246381671e-20
-2.094522213955409108e-20
6.645015721069015918e-20
1.526934834028815810e-20
-3.139564383358792922e-20
-8.938124566211050313e-22
9.891732984468501034e-22
7.256447349078281559e-21
-5.072466398759501758e-20
6.139279529604255475e-20
3.483688006237161133e-20
-3.459389941985124925e-20
4.803163436639491465e-20
3.218032041407967842e-21
-7.516707257757434729e-21
-4.837174303642054958e-20
5.116722591269558102e-20
-2.689543050309495602e-22
-1.109488875749102148e-20
4.884848257868458350e-20
1.754346357582077029e-20
2.036098728234594088e-20
2.232700371097999662e-20
3.032591954992971419e-20
-1.161804230969043214e-20
2.882800300133733706e-20
-4.487231759446077245e-21
-4.676454202918942335e-20
4.652624349222593147e-21
-3.599995165056146935e-20
-3.121120800052031663e-20
2.314858442006531818e-20
-2.006499456234005911e-20
1.661419813452983148e-20
1.027185243211868253e-20
-1.640083951790606151e-20
-4.646048387132245040e-21
-7.765484034151250569e-21
1.079793331044782332e-20
1.582366889300446431e-21
-2.201933156477249198e-21
3.270813198746974933e-20
2.691189612299925308e-21
-1.130778643279855157e-20
1.314076017936040141e-20
-5.518561559565700718e-21
1.410293081085057177e-20
-2.039547730151961036e-20
3.652155007517222479e-21
-8.542802765470918712e-21
5.644755354044227698e-21
-2.072058015350487389e-20
-1.539565194000981330e-20
-1.558590102179858685e-20
-4.894498374996969978e-21
-6.983226227838339268e-21
-8.820471174597271530e-21
-2.819759505224201967e-20
6.215419025848297718e-21
-6.553693314606775259e-21
-9.784755425082603797e-21
-1.324517200786664462e-20
-2.717436084076735296e-21
-1.128280257507756987e-20
1.008338315431303454e-20
-1.478842301299089931e-20
-6.220422782247324261e-21
-4.943487553803765735e-21
-8.963248691166580365e-21
-5.013113670087081267e-21
-9.630176600780558739e-21
1.164824353933486313e-21
-5.867267472194800284e-21
-1.210914183494690869e-20
3.457929639571819384e-21
-1.136194173130163542e-21
4.625084540087139250e-22
4.163827975831667862e-21
1.159223109165052592e-20
5.155907966470270586e-21
6.620176054754383000e-22
-5.297693578555129077e-21
8.813036468003862112e-22
-3.473669899207356341e-21
8.064725848996798078e-21
-2.418728840791833150e-22
1.278278244221925687e-21
5.984914579350431939e-22
7.458410028035686483e-22
2.142856230939378373e-22
-8.293700689270044722e-23
7.404180595899291998e-21
2.194274229755136798e-21
5.276999317248763238e-21
-1.978455966963472288e-21
-4.198483374515923908e-22
6.263845483693125388e-22
4.457448719863685046e-22
1.381685088289888668e-21
-1.604029846883879776e-21
-4.449816655512811988e-22
-3.751167269792097832e-21
9.745610726114559790e-22
7.082773339088626426e-22
3.255235040350319921e-21
1.304703354349427938e-21
-1.345172845251412725e-22
-5.765840405216329419e-22
2.908138868382704084e-22
7.394260567048382857e-22
-2.860270935669549633e-21
3.869681645901247704e-22
-5.362281636380967532e-22
1.657343576686578913e-22
1.849099164343081877e-21
4.283916638753678094e-22
2.024810471908722990e-22
4.239604656857530495e-22
-1.732000323614956066e-22
1.447820358621732822e-22
5.768169907379974161e-23
1.839755919366021836e-22
4.675251794952197540e-22
-4.193514793276371335e-22
-2.156700712802786729e-23
1.228205861587973034e-22
3.405267301052122002e-22
3.510453826769486747e-22
-2.441157042944110550e-22
-8.441173448527978951e-23
1.291863858751209702e-22
-1.407215058049685262e-22
-8.618535288367344179e-23
5.903389318088395189e-23
9.533224393663058564e-23
7.315121458189050220e-23
1.580251718408966785e-24
-1.819515324281204019e-24
1.440169868320149961e-23
-9.526253751080662105e-25
1.109612563579379134e-23
6.626296657337081458e-23
5.805792775033692526e-24
9.411433846943174757e-23
1.665117662321661119e-23
8.492992290039095150e-23
-8.436335201440028845e-23
-7.251222543618731781e-23
-1.894876878943668443e-22
1.586086635795810973e-22
1.360070221668848217e-22
-2.783856238254665578e-22
-1.269789272125773273e-22
1.274463410642045509e-22
-2.418682839845289726e-22
-3.662729646482928790e-23
-3.368253503020614928e-23
-2.304164009971753450e-22
2.520600447624197890e-22
-3.052259675135695585e-23
-1.431188594884141644e-22
1.145837323214668186e-22
-1.393464265933429298e-22
1.853109671835189092e-22
-2.269093839664011405e-22
-2.889856039074578962e-22
3.131569536829042627e-23
4.283212109689500105e-23
-9.798894555817229460e-23
-5.583885522242416308e-23
1.714861519898129152e-23
-8.180910860509373919e-23
-1.710324874351642301e-22
4.099031729290187954e-22
-1.501842074173478528e-23
-3.275679180243381078e-22
-8.213566556668751491e-23
1.912384177417537570e-22
7.102910414900480022e-23
2.244423750019990399e-22
-3.336707193696087337e-22
-8.012748004119381740e-23
1.109316019241921134e-22
-3.319897154101844984e-23
9.579654118604922523e-23
-3.272607320629488166e-22
1.344236336420118384e-23
4.185899994990902615e-22
-2.600768169179551310e-22
6.593489769494785936e-22
1.987094954865863797e-22
1.066872720928518487e-21
5.162414739982918602e-22
2.126520628891202900e-22
5.742718185572914519e-22
8.890966981832296679e-23
3.878389827858693187e-22
-8.332623068703678740e-22
1.155654332377959788e-21
-7.751334676067932106e-22
-1.634805566401251323e-21
-3.831642260711702657e-22
1.221006921463627304e-21
8.017157754536892388e-22
-2.191833771535190496e-23
7.158158697722442449e-23
2.138168480487804969e-21
6.377121413044060721e-22
2.880944723309972499e-22
8.494944990752626932e-22
-2.312463413939175093e-21
1.406356186637199291e-21
1.136338334129358677e-21
-1.592934696002769843e-21
2.085898373101136617e-21
5.936761593161399555e-22
1.254753575349095728e-22
1.699226092828179163e-21
3.903566807462604696e-22
-1.491127725401132881e-21
1.342498983959362809e-21
1.615682288749852561e-21
-2.085676695102879675e-22
-4.765756098676711509e-22
2.961870751482963714e-23
1.626879327811098797e-21
1.865851519704967939e-21
-8.825284405331119803e-22
1.759021081704813877e-21
-4.900271574007147893e-22
-1.113082904467529147e-21
5.049814494456657677e-22
-1.632849490846756140e-21
3.305592552005802364e-23
2.878207328478276507e-21
1.304411655207565491e-21
3.450964078694186333e-21
3.247348076462267446e-21
-7.696693207094363462e-23
1.345435502807128711e-21
-1.601364539081671279e-21
2.227899000998709940e-21
1.810652493513866760e-21
-7.587398359663594125e-22
-4.429744119420940482e-22
3.647178359489152058e-21
1.990381948705290107e-21
2.919306010930429113e-21
-4.112913560565595530e-22
-6.813631365526069957e-22
3.202792179315030211e-21
-2.943724313982604286e-21
-7.420823908807223680e-22
-2.321347172097695518e-21
4.816704330553214323e-21
1.222591196911323761e-22
-1.444099289110684917e-21
6.384294585642091703e-22
-4.735571739909872139e-22
8.366938094958046292e-21
2.419869078717992506e-21
3.425882615495481914e-21
1.122697443205816965e-21
2.639518255962195729e-21
-7.144699465679151215e-22
7.134176593605839269e-21
-3.028374972452547853e-21
8.126762131609574930e-21
5.010967345885725339e-21
1.604296345759068657e-21
-1.206936196300835600e-21
-2.070206083919145026e-21
1.241110498891092359e-21
4.801233231445159886e-21
4.204777343662673551e-21
-7.322581901747334726e-22
1.225836605631110064e-21
9.950663839855388019e-22
4.984952981186404579e-21
1.570290333836508380e-21
7.486490298787318975e-21
5.739522391139330294e-21
7.576749342273051642e-21
1.187810006500719443e-20
3.507453237678508479e-21
-4.148997611468939095e-21
-2.921546217584549519e-21
-2.099233930514717279e-21
2.332865142578050818e-21
5.250627623216866596e-21
-1.640068554922479013e-21
-8.805303355154446345e-22
4.073662188635580826e-21
-2.572407798771357721e-21
5.016530834098609488e-21
-3.029964996004856473e-21
-1.039776712969110279e-20
9.307295195581733341e-21
5.143135113712415915e-21
8.647736804849652687e-21
1.445029235303892329e-20
8.948426840991829799e-21
4.069165775272635560e-22
-5.727342481857443107e-21
-4.713582153990335231e-21
-3.842145945794482504e-21
-7.073406954762129130e-21
-1.808443463789312924e-21
4.003064919524117309e-21
4.701996222765210817e-21
-7.134866457265060887e-21
-2.595531087937132505e-22
-2.862114580140448243e-21
-7.746800762456578502e-21
-6.885980705043322868e-21
6.643498562107844055e-21
-9.628122953650889265e-21
2.838514893072687357e-21
-6.989790133302094810e-23
-4.866885390923888422e-21
-5.184490677348109851e-21
-2.231079265106790706e-20
-1.963540671184620408e-21
-4.230663307487302972e-21
-2.356984227279063339e-21
-4.074949832137739617e-21
-2.956129066804727693e-22
3.129103630349893919e-22
7.916381703748729987e-21
-9.538871437599944921e-21
-9.439179252679268448e-21
6.919408334667986410e-21
1.515093566132538467e-21
4.164557029051490869e-22
-3.624176831063731342e-22
-7.152291410009173554e-22
1.713720990235846479e-20
2.502042837306644194e-21
-1.425385346515521753e-20
1.764553010606845392e-21
-8.954034027090744929e-21
5.121555936003530720e-21
-7.176734145616406050e-21
4.763918830154149547e-22
-1.212673830374805988e-20
-5.751469865612067560e-21
-3.440480999404705476e-21
4.011009113884277076e-21
1.213367909424923651e-20
8.105179430340080982e-21
2.783441879371991626e-21
-2.227766690633861547e-21
-1.909077011299543952e-21
8.707439483651132804e-21
2.945484684963524122e-21
1.238833789081883650e-20
-5.250027751035069710e-21
1.912121405856049517e-20
2.374397023333807296e-20
2.291056737762551864e-20
9.953048319625135784e-21
4.790449476574380430e-21
-1.759548625622746348e-20
-8.220944000744298057e-22
1.088117825409310084e-21
2.001754622609867183e-20
-1.422795868039154516e-21
7.819415290721895172e-21
6.675373377358223243e-21
8.921428418143294692e-21
2.094838728662401389e-21
1.738876059576730010e-20
1.411362859882442732e-20
2.094379309958697970e-20
7.291659784129543928e-21
3.626740988161433082e-21
-5.842462140798028956e-21
1.527236671993609414e-20
1.275929223791992960e-20
3.957812326523887486e-21
2.159551909853006765e-21
-1.077359084529099354e-21
1.334679583507492114e-20
-1.241579885375733634e-20
-4.359779532324236703e-21
-1.169399007719898276e-21
1.338572283472477246e-20
3.167918004519544726e-21
8.934770748625424955e-21
-1.106253659415299588e-20
-4.595527415075905460e-21
1.188636863706781513e-20
-3.224378632713242344e-21
-3.125031848367531109e-21
-3.218095702486793925e-21
6.431932877782558131e-21
-7.235600432829299815e-21
6.189031931538941594e-21
-6.621390372796115835e-21
-7.859887469038908984e-21
-5.053997204919306843e-21
7.027384570693878822e-21
2.739450384267734227e-21
-3.845600841819857893e-21
3.873093237983940174e-21
1.328006510066847494e-20
7.909064995621855749e-22
1.670441677500797606e-20
6.965018654945723064e-21
-1.058600627102262291e-20
1.791904719170090939e-21
5.414156072553176222e-21
4.072368188689642794e-21
-1.327118889540344107e-21
-5.697085923456357710e-21
7.536075037728161212e-21
1.263877215288883915e-20
5.510763029805941701e-22
7.279737802855180046e-21
-3.056534649437101223e-21
-5.678952399846831483e-21
-1.394662587319946717e-21
8.790352166932122924e-21
-4.846461687860872426e-21
6.836704615740451681e-21
5.710989794300370164e-21
3.305995791529293233e-21
9.604123222496641171e-21
5.238648923677917502e-21
4.568611722507778202e-22
-3.292274329689203635e-22
6.126596220375182799e-21
-4.858455176176188205e-21
-9.388966801845687073e-21
-7.745180649587273227e-21
2.306914857767852994e-21
1.296856780773685690e-21
-6.044478413690964995e-21
8.631514482790162552e-22
3.176461550115566825e-21
5.506092189961754524e-22
2.030445443897648757e-21
4.500531473999812319e-22
6.419923813540956829e-22
7.025359325298471428e-21
1.770264788469776074e-21
4.831016848261902725e-21
7.023616248467491930e-21
4.215160031253624014e-21
-5.360945683525971838e-23
6.426196446345300910e-21
6.904534431974402427e-22
1.145089000434487138e-21
1.779139185484457776e-21
1.748291645135282181e-21
6.727501045273196826e-21
4.337883376218756951e-23
1.574293108037384823e-22
2.536915063904526851e-21
2.332214762597407989e-21
2.134440561594025277e-21
2.408433779895147783e-21
4.330371824972260247e-21
4.496721156391747669e-21
-2.355482506857431852e-21
-2.196661904762262176e-21
-1.933883444628943576e-22
2.917872695430879340e-21
-1.325365454255886228e-21
-8.230702980249400770e-22
3.485369573446066413e-21
1.829231245741029822e-21
2.780697201752657661e-21
-1.261432568221917079e-21
2.655459477417823423e-21
1.360549958874262757e-21
-9.188884694843177410e-22
-1.007629495245861388e-21
-1.866809350302646695e-21
-3.305354787661325126e-22
2.400726031072962793e-22
2.136138026458951353e-22
-1.587985327284669934e-21
1.960406960056135787e-21
-9.414726308891855593e-22
3.743544090114883995e-22
-7.804630668753041126e-22
-1.291713091553060761e-21
-1.020809724805888885e-23
4.359283956179604710e-22
-4.439853021152868617e-22
-1.025924864929271743e-22
1.779996943823181474e-21
1.243924549480666879e-21
-1.369913992102274712e-22
1.661834549248385101e-21
4.801874545449595688e-22
1.254932156606668957e-21
-1.881655749891032922e-22
-2.596157771335699867e-22
-2.140420625901577185e-24
9.105202593670715202e-22
-3.409655960194523507e-22
5.970061712669737519e-22
3.551131656444736454e-23
4.707660560184085464e-22
1.566078554285164523e-22
-3.010062819563132143e-22
-1.397252213374700156e-22
-1.063573434845718908e-22
3.722486198699769238e-22
-1.264454218192725641e-23
-8.508691696139999636e-23
5.315242136567112837e-23
6.313133363403865485e-24
-2.326821636677485536e-23
-1.657309707318326759e-24
-1.315105620523357036e-22
-1.613871501333920252e-22
2.472295056978166447e-23
-1.716595239794580415e-22
1.664179722788809113e-23
-6.938215368704652180e-23
1.213718973133604207e-22
-2.722187291681479546e-22
-2.194410194829373106e-22
-5.195050819560295642e-23
3.454434870195353404e-22
5.194258615465079527e-23
-1.229980729687687656e-22
-5.327446570999944031e-23
4.649125390822944513e-22
-2.027783667923119662e-22
-1.320420619779770849e-22
-3.679101951295689951e-22
3.782633232201451083e-22
-3.537037592605759019e-24
-3.708129545201511131e-22
3.108604303279363026e-22
7.904778871047346052e-22
2.446927117257497323e-22
8.346661768286220674e-22
3.283728881047632336e-22
1.638079885901707721e-22
3.041523863199051128e-22
-4.277595839797450156e-22
4.753670038207283945e-22
3.847753474622088138e-22
-1.029447622189723133e-22
1.731928170023175201e-22
7.493989030956087265e-22
6.827048191757162780e-22
1.356197822502783883e-22
4.082114635226764411e-22
1.273658688045930434e-21
3.261294381895799335e-22
5.235909030652292756e-22
7.836615532081977275e-22
2.340517818257973805e-21
3.569401090721400603e-22
5.522743544784368185e-22
9.805332712211409387e-22
3.751012008554328097e-22
9.478147985736240230e-22
6.754119696996422154e-22
-1.048081682081616730e-22
-9.030784580830270835e-22
-9.773718840597459313e-22
8.721736693062995134e-22
2.046993939454181045e-21
-9.461633908164900049e-24
-1.237705364754671499e-21
2.351605547063897871e-22
2.702780291726038108e-22
4.499898732606178715e-21
2.892983810025364450e-21
1.178933331593952033e-21
-1.111283161641321233e-22
-1.718107580996386243e-21
-2.179275610329533785e-21
8.596138422940495627e-22
-3.066588756383612587e-21
7.262149696860884601e-21
-2.425674010070631613e-21
5.382848482449534013e-21
8.377532540290975803e-22
5.065503244832515056e-21
4.995528627955053178e-21
-1.392508772714820275e-21
5.676134787133474953e-21
5.438056364312273789e-21
-4.590523784375959533e-21
-4.397353241756982888e-21
-3.862956374685289581e-21
-1.551449510742594165e-21
7.462784703510214461e-21
-3.754646883170220970e-21
1.412193000296703839e-21
5.700149142612903259e-21
3.252557965800996860e-21
8.952968990000234332e-21
-7.578603378374806320e-22
2.039172228302439455e-22
-1.268011380735933861e-21
1.940964638579442157e-21
8.380466996424000182e-22
-3.418555450679997670e-22
5.202316802916684707e-21
-5.506768185256028439e-21
6.342113027253488456e-21
-4.964243625512207468e-21
3.634636509921353342e-21
-6.522033731421040715e-22
-2.997958357220528897e-21
-4.817982325663003507e-21
8.322259376269378465e-21
2.971172985646984634e-21
-1.020844215817178430e-20
-6.811716135259081632e-21
-1.523541830002237829e-20
-6.331223972896645777e-21
-1.237213014298539106e-20
-9.151149972857442813e-21
-5.477822312057659693e-21
-6.470784431214821495e-21
2.522238448684417383e-21
-1.478423255535197374e-22
-1.116513544926885020e-21
-9.343035439491353161e-21
-5.452545798592376363e-21
5.115651704344418188e-21
-6.320799733437222679e-21
-1.938810942751586056e-21
6.192354405229931782e-21
4.096084435830951115e-21
6.579660249712917182e-22
-1.449279263050323208e-21
-7.885802473547732094e-21
-5.013915757439336008e-21
-2.575692257880117296e-21
1.014497034676984647e-20
-3.929749372589011218e-21
1.127803581960169194e-20
9.601818177110483220e-21
2.336475124287019841e-20
-2.232099106754454853e-21
6.342840084109853659e-21
9.461347479069406889e-21
-1.015080775222125221e-20
-1.142319425909703588e-20
6.166279499616396015e-21
-3.547908229224581232e-22
1.466768400134202862e-20
-1.375375027432270045e-20
-9.192007013898124972e-21
-4.861507461120682782e-21
4.922682499403473946e-21
-7.399535429043921987e-21
-1.188976452245984565e-20
-1.629176517915583542e-20
3.359576172458881921e-21
-1.055388945052354292e-20
7.400748692731304444e-21
-1.711737834251714510e-21
3.410827454847026744e-21
-1.916068127588236819e-21
1.263873460912599467e-20
-4.465232780610135972e-21
3.627198991959735950e-21
-6.056179655131271486e-21
7.622615814789693663e-21
6.650934923584475520e-21
4.078908496241794078e-21
6.544536636786292116e-21
2.221207131301317793e-22
3.885305314359751494e-21
-2.502912402158354201e-21
-6.742150767754671647e-21
6.520237257874581013e-21
-5.106840410496074378e-21
3.006458288357450799e-21
2.737509611452846924e-21
1.673658055954137105e-21
9.547737588669166734e-21
-1.448462020027710648e-21
-4.712272718557990005e-21
3.035268476535864785e-21
-6.277986443852840152e-21
4.648534843520352929e-22
3.348493503987745100e-22
5.394772499146711422e-22
-7.306807184059517992e-21
-1.554525378174831554e-21
-1.401438848679052725e-21
0.000000000000000000e+00
