0.000000000000000000e+00
-4.731777320165107932e-17
-2.816615704458964912e-17
-4.872199487304259733e-17
-1.633951837912348080e-17
-5.242295434828835737e-17
-3.301636868296984684e-17
7.608992543281767763e-17
1.410646211330894331e-17
2.145790967602151245e-18
2.091839569189532037e-17
-3.648657136730984047e-19
2.284808970007961944e-17
-4.904176595040440283e-17
3.215844605868869883e-17
-3.125212232583424403e-17
7.131143382239129498e-17
-1.230307357069913208e-17
5.212702477758394202e-17
1.598894115272637374e-17
4.463591828252815003e-17
2.217832153836921103e-17
2.468758728339828297e-17
3.431879823272802530e-17
-5.366225794036131781e-18
-1.849616713558066806e-17
-1.379827199658695880e-18
6.369127673822364521e-17
-1.588850196311359634e-17
1.240042544185966762e-17
-3.568203386489615969e-17
2.866411093794101584e-17
7.448466420515979052e-17
4.894374697833105672e-17
1.139367410082339100e-17
2.568303168888001455e-17
-4.422579349035594447e-18
1.589813990991454894e-17
-7.746620311429407380e-18
2.853608112937433659e-17
1.423748276996546580e-17
-3.307876185055462487e-17
1.631530470399999697e-17
-3.614067920734077995e-17
3.805901444587538172e-17
3.963194901976349417e-17
-7.404255762922809266e-18
-1.459330327042383951e-17
1.813973317341079067e-17
9.669413878591864269e-18
-3.102230272177685173e-18
-8.449140972184606547e-18
-2.813322287443975553e-17
-2.188121926475036578e-19
2.764307833960608536e-17
1.911218284839114270e-17
-6.558816240922396788e-18
7.497645510227169687e-18
1.762825064793238378e-17
-2.787187911556704699e-17
-6.067008329301354311e-19
8.098579551701520973e-18
1.040711749457777285e-17
8.572107604416576295e-18
-1.465037854686729177e-17
-8.672865901841546768e-18
5.619394036018462335e-18
1.673596757298015455e-17
2.123201445055954389e-17
-3.629735183599550914e-18
-1.889097188189534506e-22
1.641870909261955545e-17
8.506304546775426551e-18
-3.416462812777873976e-18
2.757720517781378531e-18
1.301650210384124517e-17
-4.366873239726027148e-18
1.589989447291295400e-17
1.062088347959449010e-17
7.557664676736742952e-18
3.016652120633737675e-18
-5.470265697068495842e-18
9.314464662033447810e-18
3.009392352427451255e-18
-3.559662817480918765e-18
1.295779666601076535e-17
-1.783037079309312963e-18
-2.244646595111788769e-18
1.366580794911141892e-17
7.615417965873098404e-18
2.239914878143538849e-18
-2.868117538134229593e-18
7.199564362289421717e-18
-1.563292946189455283e-18
4.536272176481743123e-18
5.337375221301571480e-18
7.514208044078175072e-19
2.886593435795487808e-18
-1.060017794445098192e-18
-5.035325382044569098e-20
-7.743387115951798808e-18
6.502260251517907255e-18
-5.562825823464143517e-18
-3.410773738244920273e-19
-2.227610929964591429e-18
-2.756989032375012676e-19
-5.294468239350657733e-19
-6.321659416876898814e-18
-5.192740267626441446e-18
-9.391481849663073720e-19
-6.694561289272162732e-18
-1.605775355581045820e-18
3.672611619769366784e-18
-4.371741961008338714e-18
1.866169832226340094e-18
-4.113550358246103890e-18
4.733060592594653306e-18
-2.990931376554183387e-18
6.994996896849132041e-18
-7.338651596338980234e-19
1.508889339632133432e-18
-2.446276325599852641e-18
-6.735335945396820809e-18
3.033272212017112816e-19
-1.208033073440648130e-18
-1.770454386214243700e-18
1.130447252347753877e-18
8.533659461883628139e-19
1.266343083387831931e-18
-7.112416427259651723e-18
-4.459820048379480582e-19
-1.689871881465749166e-18
-2.220454129205792760e-18
1.426651363657253634e-18
-1.272677507901205195e-18
1.840527697825124416e-18
-6.590848486367689906e-19
2.397090186243232309e-18
2.876119517713749682e-18
2.895727896684695048e-18
-8.137801239429215059e-19
4.928985937783950014e-19
1.614389961677929672e-18
-3.189051390005879207e-18
9.608091436921064278e-19
4.812798148601232688e-19
-2.751538943204697052e-18
-5.170306449958742567e-18
3.652563985346213590e-19
-4.270734862642488189e-19
-7.924227569390090554e-19
-6.836348435485351631e-19
-1.689205486770361433e-18
2.828067533088078946e-18
-1.484413611092909817e-18
1.532637405268511358e-18
-2.635333030806933321e-18
-2.192845884771534270e-18
-1.505083734881501961e-18
-2.432343263699167260e-18
-1.455379074532098731e-18
-5.854473928674352308e-19
-2.717243769688081066e-18
-4.994775831720820283e-18
2.135501923546789738e-18
-2.353299452589889735e-18
3.097479332425417918e-19
-5.774310630833322413e-20
-5.719997293882201248e-20
8.621333236491228713e-19
2.985784361725094577e-18
-5.837074472285476229e-19
-3.837543814998220878e-19
-1.164443899334636662e-18
9.369499363970507188e-19
3.478022717936790943e-19
-3.676977711939772672e-19
-5.487381042786410347e-19
-2.234828249033886827e-18
1.422904737677592207e-18
-2.922312093055320019e-19
1.056437348948862453e-18
-1.066058652538183012e-18
-1.199166452550705384e-18
-2.160105431520086635e-20
-1.721052709216265011e-18
-7.512470567077570622e-19
1.586422629369934678e-18
1.741311126177161787e-18
7.829152139675506228e-19
-9.910820684471663788e-19
-1.898170281286748626e-19
5.913240103443452966e-19
6.041856923884704820e-20
1.231972511841814662e-18
1.375531165581691013e-20
-3.820908714448786328e-19
1.633404973375362987e-18
3.716020286254181980e-19
-9.370024168310511532e-19
-4.387996266567126041e-20
5.122523494657004241e-19
-1.185449475033699984e-18
-3.725474570781221528e-20
6.485908895740267732e-19
-8.215709933629234213e-19
-1.273776219911132542e-19
2.475204649275509926e-19
-4.443166227738699516e-19
2.890110620070116639e-20
2.294065180005276301e-19
3.834671392686628298e-19
-4.834711710855837367e-20
1.979090462859976224e-19
5.129727417347775621e-19
7.497287489048331973e-19
-4.730852129670526741e-19
-3.142339096785015279e-19
-6.442869647367109919e-20
1.480072257200746989e-19
1.928677095652216454e-19
2.766501656870537501e-19
-3.265960566324369441e-19
4.826613111023123431e-19
-1.649546602968626799e-19
1.622109881125102279e-19
7.866229842786007931e-19
-1.404287394413828467e-19
2.661132903696157004e-19
8.708709662665090915e-20
-2.811815688989983839e-19
5.631044031119868431e-19
4.932559965419343571e-20
4.221251366839614598e-20
6.093499457298018791e-19
-2.245170402376942801e-20
-7.528065669282156342e-20
-6.815767719558313795e-20
1.624331576172349908e-19
2.596368771087252567e-19
4.348229049344260734e-19
-8.209284743104191166e-20
6.938532339627936765e-20
-3.630640829897314632e-20
-9.099899109555919297e-20
-1.367800185197371263e-19
3.360486092059616729e-19
8.294832479198519983e-20
-8.959559833602916009e-20
-4.063278650288636639e-19
-2.237448066527122082e-19
3.080754920354495364e-20
7.701364722201995171e-19
-3.846806080697075935e-19
-1.000974249183123158e-19
-1.548340075789756819e-19
-8.684073235712996758e-20
3.079982918758103495e-19
-2.404548036095817978e-19
1.658585123149797977e-19
3.555018717011164921e-19
-1.003476305233836487e-19
4.865494360128984981e-19
1.806340313321147901e-19
-1.156896389711752272e-19
5.379931438249366106e-20
2.217150703216603153e-19
-1.755452166843154075e-19
1.088871461685898653e-19
-9.384868343584272367e-20
-7.395498536158225144e-20
-6.674748199471017755e-20
-3.757783661745964323e-20
2.424840596942771767e-19
9.209461666872387048e-20
1.351802631253153901e-19
-3.418287431234348820e-19
-1.887940517831864834e-19
-8.278389844096226102e-20
3.996599444819074893e-20
-1.012243077893395904e-19
1.082098292852147426e-19
-9.426389698164996820e-20
-2.846910351775648598e-20
-1.676242902694138532e-19
5.436448065190005287e-20
1.550813335011214353e-19
-4.110062002413474519e-20
-2.587744726413128313e-20
3.219571650031810764e-20
-2.495965665181128999e-19
-3.185105530271816546e-20
-3.221849174165581611e-20
5.497952085674435513e-20
1.236688909460942767e-19
3.193547456803187771e-19
1.316065852638996324e-19
1.634150881424210686e-19
7.060546531710021768e-20
2.992801806969589711e-20
-7.074599148464517582e-20
2.909031254382467015e-20
3.331785489736019504e-20
5.868543040249260637e-20
3.274340597131589974e-21
-4.868176131620987777e-20
9.758911447407038025e-20
-1.612941043525247400e-19
-7.540692837110238639e-20
7.617747028314533085e-20
-1.021717269538696270e-19
1.671969674106026983e-20
-1.094784997690617160e-19
-9.027431138260063811e-20
-5.906381525131610691e-20
-9.875931541501107621e-20
1.406016166284429477e-19
-1.197858253667602090e-19
-3.399192085187602882e-20
5.058100135232220803e-20
1.011051127452342171e-19
-1.093818977008378493e-19
3.058689019721587942e-19
-2.327270018037978520e-20
1.598477033831983055e-19
7.264726326960458122e-20
2.966481078273947364e-20
-1.046888477147721206e-19
4.708973637610870697e-20
-6.471463060778677267e-20
-5.451871941928552577e-20
1.419047127882802939e-19
-1.446373983218940632e-20
-4.219961930754823816e-20
2.320856058599697519e-20
-6.123350792551125526e-22
3.900006127640027688e-20
-1.436246058962422854e-19
1.673784615264071539e-19
4.646654837966083359e-20
-1.195858091236509296e-19
7.726119818194911490e-20
3.457346109135051554e-20
-1.591479954904464468e-20
-7.593050120832555017e-20
1.201260182208997769e-19
-1.979222321198346552e-20
-3.048420873720128704e-20
7.918390161111559402e-20
7.367434369353134652e-20
4.757911729337363198e-20
6.930420712697019879e-20
8.620650873395844702e-20
-3.689031311932722849e-20
8.161721238547593071e-20
-1.672185076148989618e-20
-8.186189817130706515e-20
-3.045965994724821713e-20
-6.492924698209971979e-20
-8.234874312295116265e-20
5.697335007938181831e-20
-5.131497912434436379e-20
1.517112166626639984e-20
5.743096274928127566e-20
-2.588457705487097916e-20
-1.768030185185577771e-20
4.805552361790179136e-22
5.587987023936425058e-21
9.563823837727177018e-21
1.033329862278650691e-20
9.269392782806891208e-20
-4.647595968273275010e-20
-2.192816326473690963e-20
6.331294281012406320e-20
-6.909627440801283865e-21
4.802416105977703524e-21
-6.159311099129223314e-20
-9.826270708064638790e-21
2.309036762451780061e-21
-5.955532800380969085e-21
-5.856971333654360352e-20
-3.269499387159267237e-21
-2.916650510584661226e-20
-7.484116809900072802e-21
-1.916646032822885969e-20
3.000390039563413072e-21
-5.579183523486698679e-20
1.075501118012632965e-20
-6.735396833455146357e-21
-9.389949678731046777e-21
-1.633289492295836842e-20
-1.690893047100490543e-20
-3.945944201595234806e-20
5.136346824414039706e-20
-2.472185069649270739e-20
-2.535732742565119328e-20
-7.813725842560985040e-22
-2.798502742605898529e-20
2.478291206760341287e-21
-3.219401753509931201e-20
1.232028285216064264e-20
2.426922518609375206e-21
-2.210756900708433708e-20
3.773071570059302061e-23
-2.337215916105760795e-21
-1.340170834567077591e-20
-4.460863640382017625e-21
3.823150858689798966e-20
1.865894536287010537e-20
-1.140898226752315033e-20
-2.138542951179856916e-20
4.981922159690220201e-21
-1.091088853641939463e-20
1.959096881117419861e-20
-4.737672075535206424e-21
-8.926303775215638970e-21
2.388771267158558465e-21
2.537358566232666869e-21
1.578444574548437267e-21
6.814177378692955706e-25
1.194039585730666902e-20
1.049491378498628490e-21
2.213667152345133624e-20
-5.833636377888507539e-21
3.952701262001610219e-21
2.477286701106267963e-21
7.642666838998986578e-22
2.337101017069653325e-22
-8.936421461529551180e-21
-5.664906104278832376e-21
-1.391275523484603225e-20
-4.566792861013881629e-22
2.115701434104181549e-21
1.231714297309119116e-20
1.447096382763322014e-21
-2.507321181068951460e-21
-2.156597088849697086e-21
8.489340524423029378e-22
1.750208552195144691e-21
-5.873968970865908160e-21
-2.334171056902503462e-21
1.311553464294770866e-21
1.363679432463270244e-21
8.115963654760692355e-21
1.967405174622457790e-21
3.696961254196722798e-22
-1.216078256723651554e-21
-1.879907801670902234e-21
2.633105557706832418e-21
1.718604416966658992e-21
-2.785642778561350016e-21
4.245635005202677584e-21
-2.021600012661308763e-21
2.717098562809566548e-21
1.310850507251433664e-21
1.497450884488210039e-21
2.236547232111638664e-21
-3.511912988989374807e-21
-2.215448670560774394e-21
1.672362884219354767e-21
8.971733545673993973e-22
-4.581918497613724418e-22
4.935885063717188899e-23
5.319046838511968902e-22
1.421265452978961248e-21
-1.916862212249800248e-21
-1.414602038708916077e-21
2.896167257361084577e-23
2.149177557390851463e-22
-9.549443285240992752e-22
-5.183332727631917553e-22
-1.886228059789755984e-23
-4.851711763120433410e-23
-1.244924674689309827e-22
-7.140234284820048327e-22
2.802716621351386458e-22
-3.558618774214095990e-22
3.358741891430722106e-22
-2.576007235970467698e-22
1.996183384646200388e-22
4.468874911558695127e-22
-2.436832231711854821e-22
-5.662391080890156554e-23
2.877656319046015130e-22
-4.515222814256589010e-23
-2.840439344915437417e-22
-4.279718400611478386e-23
-2.480782119438916111e-22
-1.194610206686659255e-22
-6.174675540672810813e-24
-5.291030363828658187e-23
-7.109049982524865636e-24
7.136764079795756899e-24
-7.100204254101609262e-23
-6.057049211787624651e-23
1.538830207488709871e-22
9.858474649387715566e-23
-6.626061583589592845e-23
-7.399783015915536450e-23
2.453464298672140650e-22
-1.972114894545893980e-22
-2.992567970645598048e-22
4.734543997300093787e-23
1.946997026967623088e-22
-3.636836108229535417e-22
-2.057441872433291366e-22
-1.518170464620508325e-22
4.711044007976052130e-22
2.508623702954848097e-22
-4.816317662910044689e-22
1.814887511933341040e-22
5.429204959445580929e-22
6.862129286459543422e-24
-3.226450372165829339e-22
-1.787567830726170361e-22
-1.062575858514966543e-22
4.621135338359679802e-22
-2.996867568462392395e-22
1.136913183589826173e-21
-9.886016079153816458e-23
2.067129292092933543e-21
8.127209276380361058e-22
3.321501301448351911e-22
1.123976921226063196e-21
1.185884803598774975e-21
1.232848424553931737e-21
-9.923372266552825345e-22
2.202888470560187361e-21
-1.741302612095270714e-21
-2.339589823742910870e-21
5.660301041119356906e-24
2.079804377896595182e-21
1.574105163613537098e-21
1.590696158116597803e-22
1.323005720912021707e-22
4.723505436310559053e-21
1.313700636030170105e-21
1.271741266120439213e-21
1.331563993774660182e-21
-4.813743016292580189e-21
1.952539849827116363e-21
2.475601456714124970e-21
-2.402456089915005951e-21
3.956935609386422404e-21
1.045524635697986009e-21
3.280153946462369856e-22
2.719452026667629310e-21
9.176587070530124630e-22
-1.696795354997093552e-21
2.402506032409577621e-21
3.104264748617727033e-21
1.413777885183788474e-22
-1.479976124592466781e-22
3.803883365160679465e-22
2.799082102055124884e-21
3.594433639681203812e-21
-2.392671665982926827e-21
3.404379261689322666e-21
-5.819180038361535540e-22
-2.719892923765605668e-21
1.048682087132845321e-21
-3.092314059816960980e-21
-4.351281119929501170e-22
6.110930884339596196e-21
2.003159064610338089e-21
7.289810713858439206e-21
6.173667985413372974e-21
-1.394856346549420488e-22
2.605721847549413494e-21
-2.620523198294676111e-21
4.924965177768597673e-21
4.490186337446275702e-21
-2.073503694320524402e-21
-6.878608619634160023e-22
6.557780113183210002e-21
3.164738084041411830e-21
5.978125519481434327e-21
-6.513938662267530070e-22
-1.124773977748986585e-21
5.763835121533848167e-21
-5.234016434348654703e-21
-1.303160454854512129e-21
-4.477275130044729221e-21
9.340882059642887227e-21
7.088844424560406013e-22
-1.907803248307676854e-21
1.002243571318026869e-21
-9.439090029030893162e-22
1.595142195550638227e-20
4.669098984832056667e-21
6.007849019523269176e-21
2.684107997441476568e-21
5.464178957928964025e-21
-2.076810427871187388e-21
1.289849449030816789e-20
-5.270401175012812953e-21
1.655371753800106531e-20
9.554013671377647308e-21
3.159100212451026958e-21
-2.725239873056805402e-21
-4.620547716243556664e-21
2.932364979612494681e-21
9.894487390873739304e-21
8.150357572106017051e-21
-7.092001220603017710e-22
2.287276296384856481e-21
2.226874381643623486e-21
8.043622381979709295e-21
2.384617385143901114e-21
1.509519848845932492e-20
1.143427224555862459e-20
1.510052343142879974e-20
2.340281457889322544e-20
7.038845191818114455e-21
-8.259514208194112099e-21
-5.362296210382464589e-21
-4.111668958813048299e-21
4.157031383983953846e-21
1.070451157566736093e-20
-2.621512164919441071e-21
-2.422595563845614979e-21
8.569972218616512644e-21
-5.582981077737344476e-21
9.653471450528702587e-21
-5.361411755734845783e-21
-2.094487263914267545e-20
1.801597910913369834e-20
9.481952235902727270e-21
1.789526665886409438e-20
2.851065046590457486e-20
1.840030366398109272e-20
5.218543464462277896e-22
-1.182134150637896053e-20
-9.764774612572624466e-21
-7.567815288869734990e-21
-1.342701258291767824e-20
-3.662812161253617439e-21
8.225481130276622934e-21
9.623309620863136823e-21
-1.383453232694862403e-20
-2.506357044656645283e-22
-4.961461710737944509e-21
-1.547693795646839482e-20
-1.340209213850134653e-20
1.316591295619703973e-20
-1.997867743463217306e-20
5.518985636815813205e-21
-3.845326461014324314e-22
-9.840654483467267101e-21
-1.112036063889438201e-20
-4.375651234271649757e-20
-3.461288025144715740e-21
-8.146659725940041964e-21
-4.348421724008390876e-21
-7.796333728020321981e-21
-1.139157076032568272e-21
9.317254053195375186e-22
1.519734421518020112e-20
-1.850391732706635748e-20
-1.863281300781570532e-20
1.334231319475372966e-20
3.040327727994083519e-21
7.259000408515827345e-22
-1.433931280171561033e-21
-1.612932157327611767e-21
3.441317039738072348e-20
5.016096548535565713e-21
-2.913251645517311379e-20
3.474156290985954281e-21
-1.757527819880859278e-20
9.868974109784327535e-21
-1.377442664076808425e-20
2.094758993285814685e-21
-2.457402508210025899e-20
-1.177962888668307374e-20
-6.857382432760915242e-21
7.799232698695770742e-21
2.465001992239226958e-20
1.607485423675944152e-20
6.234124240810807577e-21
-4.925944500149829430e-21
-4.441068480416046953e-21
1.787837897632343544e-20
5.235793409875102462e-21
2.496343444560944570e-20
-1.073711083614852340e-20
3.791301477974078398e-20
4.760109535242435267e-20
4.622957323817209114e-20
1.971515409041963686e-20
9.867645068424428390e-21
-3.491975228412700122e-20
-1.605532503363832857e-21
1.901467411676860257e-21
4.064876910737816947e-20
-2.238005425936266500e-21
1.542566559262936245e-20
1.351492007912031578e-20
1.751568970283513561e-20
4.500970324839152179e-21
3.421312754835046122e-20
2.841960096793734780e-20
4.111393253767503878e-20
1.495734411788478709e-20
7.122800703843930603e-21
-1.187750523883876792e-20
3.093236665957049334e-20
2.576159078843616627e-20
7.871659443324539337e-21
4.638462837893360719e-21
-1.789138711929720624e-21
2.673882876994001987e-20
-2.469221778158424231e-20
-9.426396500362234518e-21
-2.019607991266385516e-21
2.670013432058622326e-20
6.659942406672742017e-21
1.791318892547539347e-20
-2.278521458855471924e-20
-8.657639654705720529e-21
2.288680047594888266e-20
-6.186341264072247099e-21
-5.602910629218042848e-21
-6.430112422066323314e-21
1.273431675329936205e-20
-1.382245533638480989e-20
1.250896754848948454e-20
-1.231680614590709952e-20
-1.564135552852247275e-20
-1.088269147441412616e-20
1.434236984167217623e-20
5.780745918322037576e-21
-7.913548372173794212e-21
6.994945788286529446e-21
2.610243538187838434e-20
1.314244211494838858e-21
3.354898786953843152e-20
1.397637014215085745e-20
-2.179515855851301273e-20
4.007765675336220335e-21
9.887958678750277361e-21
8.540953886405460280e-21
-1.998430209075091296e-21
-1.128361890667602168e-20
1.509599627371983909e-20
2.627788832713551775e-20
1.776023061978004991e-21
1.499829356331775221e-20
-5.482805987418953324e-21
-1.173685839243026592e-20
-2.774925724864201910e-21
1.792130822051918694e-20
-1.001057686530245048e-20
1.379553988406083621e-20
1.191213606592525560e-20
6.568431849012513900e-21
1.838999618892238881e-20
9.636225589603044420e-21
1.767568354353854504e-21
-4.821184340550963670e-22
1.167812867290553675e-20
-1.044923436100708674e-20
-1.853034007821511609e-20
-1.546627510313797384e-20
5.107633065535572574e-21
1.893305110108336431e-21
-1.204538008565281532e-20
1.255531023529278753e-21
5.928670309287928117e-21
1.416073996309684851e-21
4.574187363154099634e-21
1.748527577214495434e-21
1.255956235615030260e-21
1.471875990883771878e-20
3.605597774872919431e-21
1.085878606004163226e-20
1.329307601562247840e-20
8.809172476717338996e-21
7.834143424276856451e-22
1.293582720370976079e-20
1.875025568659930435e-21
2.418915881692074977e-21
2.684558491481055835e-21
3.652870638796600017e-21
1.332584061636495264e-20
-5.371811757375861946e-22
-2.092321009134703104e-22
4.765106271955804280e-21
4.852352970724822969e-21
5.244784163165336930e-21
5.004886408261315784e-21
9.588989980828478984e-21
8.359561139732176474e-21
-4.614690541721093638e-21
-5.311272535286386954e-21
-4.156987971046636855e-23
6.219890057610085594e-21
-3.059980924503815014e-21
-2.040211908427580393e-21
6.702427399421796219e-21
3.511954131526406391e-21
5.335014076356996806e-21
-2.778084734382091235e-21
5.132831184297925752e-21
2.639299852433993577e-21
-1.619323500538637490e-21
-3.614542313672280401e-21
-3.800238149491760257e-21
-1.906283061325079274e-21
9.811230708303555015e-22
5.585330690536408154e-22
-3.040193337614577169e-21
4.672361733656252937e-21
-2.595639188258208932e-21
1.073121539877884433e-21
-1.380633758885388317e-21
-2.921525730434463638e-21
9.314362935624996888e-22
2.658507050513858605e-22
-7.642888548362462614e-22
-3.715353444750193689e-22
4.382102420711659216e-21
2.928573180368581859e-21
-1.674009384043429444e-21
3.832440749065679605e-21
-2.276075735335712781e-22
2.603520034917033777e-21
-1.289675386743136807e-21
1.095740967244257839e-21
7.458215738467345727e-22
8.754577399859648034e-22
-3.014510177336697316e-21
1.746600682793647752e-21
9.743966137446297400e-22
8.774889450139703074e-22
-2.292082443422091865e-22
-4.740695236359598761e-22
-9.096159330480885756e-22
-5.872369982928778775e-22
7.959936553227467160e-22
-1.257895483124047781e-21
-1.402828502651519222e-22
7.825726911858442298e-22
-3.006902142285261533e-22
5.432277545433468228e-22
-6.237339253406278631e-22
-3.342147907213507742e-22
9.242337964011258452e-23
-1.940194922542093378e-22
5.890093070809052555e-22
-1.953871722550377641e-22
-3.545899604193641074e-22
-5.387432102443732972e-22
-3.472363258087727051e-22
5.172731386243996861e-22
-1.694618871517695455e-22
-4.498260509395657835e-22
5.418266549463418299e-22
1.527468537395868677e-23
-9.906402174970786475e-22
1.451951355610342469e-22
-4.707423444001826314e-22
-3.037637041365254439e-22
7.792897415731378299e-23
-9.650088038865755474e-22
4.620175374061376516e-22
3.486838136617633381e-22
-1.465936928029510110e-22
-1.837244370241675681e-22
-2.102094010082950617e-22
-4.257750564617372318e-22
-4.695880325571865186e-23
-3.459277079321013308e-23
-2.257850764773371730e-24
-1.407528261094716221e-23
8.533285844546547105e-23
-4.950281042507355150e-23
-1.746801248730835033e-23
2.139006242645090335e-22
8.301786348425581701e-22
4.639786492049771857e-22
9.779158847691799101e-22
3.727364995641666745e-22
1.245885575250376732e-21
-2.036867871936683642e-22
1.401705432276372314e-21
7.684663567414748204e-22
3.218695741268674997e-21
8.217432844342965991e-22
9.360798882699982462e-22
1.295043046528374658e-21
5.306756893473213774e-22
1.398873833691427010e-21
1.821840259781468237e-21
-5.389986754871694409e-22
-1.864618218349821216e-21
-1.013817144036395413e-21
2.234231072849594224e-21
4.156782092910459469e-21
1.071499295383587445e-21
-1.484396997155482333e-21
-4.921813138577021916e-22
-5.099772458205393424e-22
9.254474033993829956e-21
4.937952043127929352e-21
3.998118344772109204e-21
-7.936946542629103050e-23
-2.995375237117762428e-21
-3.065472159589302243e-21
2.202337731914101224e-22
-5.342553455697194363e-21
1.431103381984993959e-20
-4.583147293484404037e-21
1.073055259977812380e-20
1.607194800695072285e-21
1.050621057303604455e-20
9.828505271114791865e-21
-2.477987773581929836e-21
1.140029794170726384e-20
1.182159686212966571e-20
-8.227223234700104171e-21
-8.975908717411890482e-21
-7.744341253246076588e-21
-3.497439049123588896e-21
1.598215027736424748e-20
-7.427590796407952638e-21
1.996697446733520295e-21
1.289443732115513071e-20
7.565859415137992826e-21
1.758684011417341089e-20
-1.001570116007997347e-21
-1.601121137168420723e-21
-2.544686365706936363e-21
3.526927370583935621e-21
1.192433571271908445e-21
-4.280810200841684142e-22
1.107247950519258292e-20
-1.100065893073485726e-20
1.328595067609575920e-20
-1.017750677580197021e-20
6.850266837492003639e-21
-2.671305492523001043e-22
-5.151004721015029204e-21
-1.019219986322899598e-20
1.826377551115372401e-20
6.662522068804794225e-21
-2.017347587699496095e-20
-1.179086197214236620e-20
-3.014080406716551923e-20
-1.148463922831905777e-20
-2.385691415091075433e-20
-1.923507022479522790e-20
-1.030963012545804655e-20
-1.265846006836739830e-20
6.831309758345040377e-21
-1.694385405018320052e-21
-2.591631159696263820e-21
-1.835715525999613441e-20
-1.202999254189873717e-20
1.074892077165405734e-20
-1.227270041663554840e-20
-4.640390209499161254e-21
1.316219626788178293e-20
8.087239942274015227e-21
1.165665744644511271e-21
-2.082321644222855605e-21
-1.647592191893493137e-20
-9.836430062185942684e-21
-5.872246041180704197e-21
2.021457672029780404e-20
-8.232987680759588040e-21
2.342765422032166749e-20
1.927084557893630236e-20
4.628092849073025175e-20
-4.882107034404965038e-21
1.265793833464386618e-20
1.992066606996155013e-20
-2.030791667338419084e-20
-2.261083790953274530e-20
1.271457099515257306e-20
3.643987020441951060e-22
2.942452264413704071e-20
-2.796053086508392980e-20
-1.808931979645021678e-20
-1.019034463110002190e-20
1.053255123322315774e-20
-1.472069204671553668e-20
-2.473977479180988065e-20
-3.224740672888324068e-20
6.602012807156429439e-21
-2.092078575981798155e-20
1.435826546718724317e-20
-3.294165308822269697e-21
6.190537769886837692e-21
-3.679149265972091073e-21
2.570556416127473652e-20
-8.808981281028892841e-21
7.169158840274998444e-21
-1.211221589897327395e-20
1.540765670826360656e-20
1.303811587842149525e-20
8.475448183766952780e-21
1.343831219769783547e-20
4.642434123527483912e-22
7.659632113112964623e-21
-5.113127152483264798e-21
-1.354626479171576562e-20
1.295527674999750937e-20
-1.020651532022842335e-20
6.022982013217875249e-21
5.685634110543756295e-21
3.311211587070031178e-21
1.927539418772110735e-20
-3.048932808609725936e-21
-9.343735278466801978e-21
6.071307239618252682e-21
-1.235330769775349992e-20
9.393072104278435777e-22
8.417118689293198483e-22
9.472870114093084073e-22
-1.505875413939316923e-20
-3.153152506559700880e-21
-2.677402011829064105e-21
0.000000000000000000e+00
