0.000000000000000000e+00
0.000000000000000000e+00
-4.349389752371518623e-16
-2.015529326301680271e-17
-1.312931913072718607e-15
-1.573272611191064211e-17
4.748892965669616889e-16
-2.681151929022017152e-17
-2.020751693478583571e-16
-1.538639657628706259e-16
6.456569250083174728e-18
-9.912335004844792982e-18
-1.375295678170017041e-17
-4.177332168010110208e-18
-4.669576432285721039e-17
-1.906063273890697083e-17
-2.017494833213364016e-18
-8.366795760253656603e-18
5.919240083431191766e-18
1.096076321878798730e-17
-9.338645963383980717e-18
2.908974467743595658e-18
-1.955682226412497448e-17
3.410248317934285756e-18
-2.779234131659566989e-17
2.084531271292420215e-18
1.033550285619914830e-17
-3.050522589598788737e-18
-7.141371340250898517e-18
-5.044092352977036208e-18
-6.544375822547249859e-18
4.917470165868309757e-20
1.627248265519898298e-18
-2.530176464032996883e-18
-2.246562068835838514e-19
1.886058573329050164e-18
1.124910923630068949e-17
1.068812123633947038e-18
-7.246788416402617274e-18
5.666494577464016435e-18
-6.898733571805853725e-19
3.309655037713388198e-18
-1.056078160351962261e-17
2.972911114311109463e-19
-3.553640408271171103e-18
5.518199788381145039e-19
-5.254528816239021905e-18
-3.661870195723703486e-18
3.072421965512311593e-18
-2.618135930709800639e-19
-5.442383306308360354e-18
-5.030283564108027040e-19
-4.176728489360278061e-18
-8.181963474258602353e-19
-3.061838212759256749e-18
-2.121365415751176782e-19
-2.989256215135901459e-19
2.953131794343669540e-18
9.158127838209161231e-19
-1.245700063647656948e-18
2.414291606000911196e-19
7.387942593614465327e-19
4.548186342659665836e-19
6.526864359528851425e-19
1.010279104451653604e-18
1.409764928509602131e-18
-1.336555499722080064e-18
-1.166623609983998908e-19
6.699431543482006728e-19
-3.918428476224829938e-18
-1.865584253460743095e-18
4.271938623216313742e-19
-1.265158990638168606e-19
-1.633840966707218016e-18
-2.475213764243177502e-18
-1.742493939808691520e-18
-2.598489130278128393e-19
-7.379486531887176185e-19
5.061818700744870722e-19
1.277171019555673227e-19
3.741596607346088158e-19
-4.767049579249494093e-19
-2.103327587724846971e-18
-1.425024633943775842e-18
-7.249676572290430601e-19
-9.002262550948424850e-19
-3.950705135460412025e-18
2.642356482931396129e-18
6.625044419372537001e-19
3.773134771478849501e-19
-2.487562228719372076e-18
-2.322777078521298915e-19
5.721242083228576386e-19
-1.444055177600247225e-19
5.557740402196184847e-19
-8.874004719549678789e-20
-1.838736156375157143e-18
-1.990821046306785436e-20
-1.360658882808291667e-18
-1.440883417901349264e-18
1.266854131448003663e-18
-2.285667401887159092e-19
3.069540874242875817e-19
6.718344578772352369e-20
7.325028290497807568e-19
5.650098176930395645e-20
-7.404365808248375500e-19
-1.955233866890180253e-19
-2.650573723260310638e-19
-1.775645544400179585e-19
8.228304140251270974e-19
-8.673131016812945079e-19
4.203170570221859270e-19
3.322302884851003256e-20
-4.681326687331379879e-19
1.006711744939120687e-18
5.094778134158555225e-20
1.034359142433310802e-18
5.700689114910985114e-19
3.492048602597329755e-19
-7.433427595406331937e-19
7.819352816650568918e-19
-7.143699099769579729e-19
7.919565096752696643e-19
6.350742120620060598e-19
-2.787923220905364524e-19
-8.640358191791515576e-20
8.377301922153675035e-20
-1.194190696390982923e-19
5.816205919001805536e-19
6.146676327836654226e-20
-1.489032862590510389e-19
-7.398556050762196533e-20
4.339452689753741384e-20
-3.194205772473856983e-19
-4.771351130838200351e-19
8.222823266132015507e-19
1.490520607086902888e-19
1.479835690129362734e-19
3.596328855861000728e-19
2.413939324324176778e-19
-4.135942561438280567e-19
-3.900728533305851912e-20
2.407509211529603487e-19
3.822005850268463825e-19
5.161536036233252849e-20
7.531819626369305669e-19
1.921349610821825366e-19
-1.162097992406069088e-19
3.413918711120510139e-19
-1.708339307265273119e-19
7.300653612346692937e-20
-1.778448061492296728e-19
4.833610429127750090e-20
2.942811038027799787e-19
8.015272359221023403e-20
-1.259429840778553214e-19
-1.912462304719161787e-19
-7.084624612908724126e-20
-4.085778889867026564e-19
-2.810144943873088611e-19
-3.032314264721589047e-19
-2.607739980763617408e-19
-1.870919397032840185e-19
4.749813750298520303e-21
-1.996549667596421271e-19
-1.969774761244039947e-19
-4.607132749594347850e-19
2.886915211973695473e-19
-1.198041324116770222e-19
-2.635800996216975794e-19
-3.927154957556204027e-19
-1.035180720648354853e-19
2.664476358966270954e-20
-2.264808200135341337e-20
-3.940265066271593630e-19
-3.815731240834512203e-20
2.145222965765727890e-19
1.430272559831288149e-19
-9.027247108489898496e-20
7.636459627395448006e-20
-3.225549380682298293e-20
9.490444031539168898e-20
-1.626781333986780130e-20
-1.616879118881591653e-20
-5.139190764220970831e-20
-5.440171420675147683e-22
-3.184244989094048959e-20
1.392785280710570834e-19
8.180859089347943689e-20
-1.961024251760226986e-19
-2.797684180836000282e-20
8.505553301901687532e-20
1.525429875913220348e-20
1.062808970021725106e-20
9.536033631145592776e-21
-1.996963811427993440e-20
-1.387322753928330519e-19
-9.263904842986952922e-20
2.703155172875816325e-19
-1.098133641056034029e-19
-1.916987588784351546e-19
-1.743349179296516003e-19
-4.376868384627549566e-20
-1.067807257612910458e-19
-1.247387902099731744e-19
4.583536540723238541e-20
7.304150231868778949e-20
-5.668495508345910139e-20
9.892946876090642800e-20
-3.940820912303718907e-20
-5.284789283187680836e-20
4.403648167263823732e-20
-1.877139782149886476e-20
-7.656807901958828321e-21
3.759323628560282326e-20
3.889967630831872347e-20
7.430963737527616104e-20
1.123166408736137323e-19
-3.489707329265964885e-21
3.130112477114911376e-20
1.588406742173922342e-20
-4.344210068393741709e-20
2.544076978831007842e-20
1.988219362428512998e-20
5.529221274277630044e-20
-4.006460957797641029e-20
-4.998326615161965274e-20
-3.919020400936453856e-20
8.869636197091516841e-21
-9.629614798808674876e-20
1.357150361725760026e-20
9.782549708023960673e-20
3.458532131262436158e-20
-6.458219413159425876e-20
7.655305596582951539e-20
-4.755594975308372751e-20
6.117365535023438542e-20
8.569828028389856740e-20
1.983607503966218966e-20
-4.190260369153422867e-21
3.679782662372991760e-20
6.896104579615588110e-21
4.885153677034123960e-20
1.198494102864568629e-19
-4.909920071523850806e-21
8.984726257546071129e-20
-1.032252880386829409e-21
6.294141408327127283e-20
-1.336474545108686276e-20
-3.832111229308482229e-21
7.088855432532991791e-20
-4.473535629168561167e-20
3.426993896075557523e-20
2.958800678998112271e-21
-2.154700855158545692e-20
3.227646857686688392e-20
-2.799711517255133639e-20
4.891545210317258569e-20
2.982004230397329200e-20
6.264013353659587715e-20
1.410526407572764245e-20
-2.623499470139678049e-21
-6.670318630502322688e-20
3.024399196456454007e-20
-2.624146549944836002e-20
3.650276058305502346e-20
3.593107317823651640e-20
-4.895898528270689584e-20
-3.117787728520817773e-20
4.028249292300503489e-21
-8.541137179599083192e-20
-1.111488238039377164e-20
-5.718373191002125196e-20
-5.391459434465215512e-20
-3.234602784912587198e-20
-2.650368188179951130e-20
-7.429647791220654752e-21
-4.713807793269833924e-20
-2.926900537963592099e-20
-6.572027993829056324e-21
-1.881632079203208411e-20
9.354941159948853013e-21
3.091658351564337829e-20
-5.148261399344545034e-20
-3.389993636901417341e-20
1.996584745406241419e-20
2.038231266979454135e-20
2.583570105187865243e-20
2.202681877596166361e-20
-6.043238061682059082e-20
-2.177568214746044183e-20
-4.531767406153269162e-20
1.130753831412670156e-20
-1.999265820636805143e-20
-9.631682659158809996e-21
1.203517973273450684e-20
-1.380412675244553648e-20
1.248672075861278612e-20
-8.939391405807605934e-20
-4.464267127604858090e-20
1.648775458185217482e-21
2.162839067934285333e-20
-1.869105755790616210e-20
9.173012486614430015e-23
2.498016583729053294e-21
6.531531479629937577e-21
3.637351777086088873e-20
-2.674218789268534571e-21
-5.259837826539792973e-21
-1.453018501094083197e-20
1.742376240642397569e-20
-2.126892254882218313e-21
7.171656776476619996e-20
-2.612277031932441577e-20
-1.156755514901528082e-19
-4.431784204381425651e-20
-1.947218844527596502e-20
3.316580677791103894e-22
-3.401056426331656389e-20
-1.901621128857180736e-20
-5.183354141242923536e-22
-1.847352710171104946e-20
-4.568910129489625982e-20
1.983788016289594395e-20
1.741462258124054806e-20
4.330558017333977888e-20
6.649723226564317049e-20
7.749938557644689248e-21
-2.232145812600619897e-20
-2.988321105648363756e-20
2.869783591085285040e-20
2.822004265949116772e-20
7.525701512815200246e-21
-3.552867340065436728e-20
-2.256112529596362183e-20
-2.058662343924010380e-21
2.438863887142589277e-20
4.069503602873904283e-21
-2.973003728714734889e-20
3.882612410462740435e-20
-5.153370560096567669e-21
-1.563840615362918442e-20
1.053143432122418851e-20
4.104810978231146800e-20
-1.254481247154188742e-20
-2.265033308299607851e-20
3.050368576038208017e-21
2.224576230042394500e-20
1.005422674219261523e-20
3.030539396365624036e-20
4.144905338966953527e-21
-2.579529285262417317e-21
-1.307038337368232048e-20
-2.411805974706794532e-20
5.894474526660378818e-21
-6.227359619864709356e-20
-7.414384599308948380e-21
1.002223457726202720e-20
1.020730366842503293e-20
2.891770459226224968e-20
5.037567342705487054e-21
3.946026253919718685e-20
7.868829743431215224e-20
-3.316552596884272832e-20
-7.032642509866695416e-21
2.354521509511590970e-20
-1.803266535996172329e-21
-9.194592510456738006e-21
-9.652886056207811449e-21
2.870168633070604477e-20
-1.750074243737870152e-21
-1.130509483218845960e-20
2.257362793657714463e-20
2.264874865163520550e-21
-1.068575067671117225e-20
-4.905656045652468449e-20
3.488116008081933889e-20
1.378135455210730200e-20
1.445193565537611349e-20
-5.097774985500791155e-20
-3.448547486181136848e-20
3.423697940711167569e-21
-4.463351050920156413e-22
6.944522945249175038e-21
-6.141660903415628762e-21
-3.266976533354200468e-22
-2.106611081137250893e-20
-4.862293899041039487e-21
7.474924008054888655e-21
-1.936259632478047741e-20
-2.166131929978287484e-20
1.361749961763381940e-20
-7.012411467893437598e-21
-5.232908852323184166e-20
-2.652734970024035204e-20
-3.388744279495070991e-21
-2.525771056891956753e-20
-3.106275720390971514e-20
-1.256406607627643075e-20
-3.646060522111384076e-21
-5.165959813833372802e-22
-8.073668900099707220e-21
7.836591941443122100e-21
-7.023402807703518466e-22
1.642519778697716492e-21
4.373230630844366818e-21
2.893748103376153074e-21
6.836514224816954348e-21
-8.307796799507434707e-21
6.982392303259429508e-21
8.370981588279742355e-22
7.135189186148459619e-21
8.613609442277571972e-21
-1.678555894791711850e-21
6.393077154630696944e-21
-1.632172969417168444e-20
-3.146292121336116513e-21
5.641383751674173360e-21
-4.239512793161598372e-21
-4.437532797515739255e-21
5.511222076606970133e-21
8.253583277755671612e-21
6.775749659705581804e-22
8.308348631439094300e-21
-8.855687810858135042e-21
7.817175206205812607e-22
1.006326522390978486e-20
4.359579040550449144e-21
6.417926168040860349e-21
1.718616501165035746e-21
4.263018480770379146e-21
1.750248665383323905e-21
8.000703587522576270e-23
-2.190725066142970922e-21
-4.406975426506485094e-21
-1.148708045202857070e-21
-1.005953201427501055e-21
-2.299364897101026295e-21
1.095897427341020202e-21
1.417140038861663299e-21
-1.095552084625724445e-21
1.887748487582992674e-21
-4.793349498902895243e-22
-7.247748400337854371e-22
-6.123778954549768527e-22
-8.650383978936018654e-22
-9.175513553771797644e-22
9.459354774198343116e-23
-1.529261461779771389e-21
-3.747369642449680039e-22
3.672606463885345167e-22
-1.045160465378470840e-21
2.816434384729083156e-22
-9.320443975998596900e-22
-6.577184621860190841e-22
3.576236144947770875e-22
3.604929464664817447e-22
2.467239221107867408e-22
1.809076260064160036e-22
-3.613382492529734789e-22
-4.486572762023494848e-23
-1.307959294401845957e-22
4.525071746748906990e-24
3.072798722518799184e-24
-8.202483797090893553e-23
6.975667534023549900e-23
1.376358124204858338e-23
2.186196163809980133e-24
-1.001530881907406535e-23
2.513189106840191318e-23
9.205660798704212868e-23
-2.818861423531541719e-23
2.134176387560744764e-22
1.400758432593578950e-22
4.741405348045586482e-23
3.667756399360986744e-23
-1.315162287899824887e-22
3.154413088383756146e-22
-7.779138607415125484e-23
-1.458307809717579566e-22
1.975235162835414293e-22
5.250252661968003539e-22
2.519625914543450370e-22
1.972434266199226961e-22
3.035015243126366076e-22
4.777598340611266601e-22
1.684297295620102502e-22
-3.362029467989612919e-23
-1.210133165162149549e-22
1.405444242531195809e-22
1.060846470835256392e-22
-9.281007621223425671e-23
-1.720170022201272642e-22
-6.859894371559689631e-22
3.079151193850906840e-22
6.333136489631489786e-23
2.353001226741977766e-23
-1.097682276723717181e-22
-5.380404607690163433e-22
-2.379491809325277435e-23
-6.370429954089216208e-22
-2.354562054776881971e-22
-5.616188157102148244e-22
7.268753442248435564e-22
1.531939623439559008e-22
3.109423026043849055e-22
-4.903978044597265421e-24
1.050389868510699518e-22
-4.167859644424938973e-22
-5.329381904287006215e-23
3.176623272569907088e-22
4.817380962944152381e-22
3.203903894330065609e-21
1.804055201289069177e-20
1.090834367720223339e-20
4.612202063489784829e-20
-4.234246752798844350e-21
9.510089054969882836e-21
4.215239291416200403e-21
-6.013115592107602091e-23
3.626904410925247748e-21
1.059490982516047942e-21
3.878989654684388023e-21
1.906383763341372843e-20
2.026108405031456137e-21
-4.471640335960751054e-21
-5.668368035453919029e-22
8.816650203400089997e-22
9.958845125079891494e-21
5.119541554040492558e-22
-3.148855884664812175e-21
2.086911202430245815e-21
1.628317431109131923e-21
9.917080041518634629e-22
-2.601055647687079925e-21
2.945787863298037029e-21
3.354359260288706283e-21
-3.574258961941131406e-21
-3.585022811925860537e-21
3.217345752917064653e-21
-3.748106382952231462e-21
5.685624767774514764e-21
-7.212849506792888404e-21
-1.607514894319497118e-20
-3.631410514941517046e-21
-7.058556639810208672e-21
-3.591070276241968512e-21
-1.771661914517695621e-21
-7.683498992566428516e-21
-4.584083305246346984e-23
-5.949169743031175203e-21
1.009038544486315442e-21
6.796432019234732285e-21
-1.540363652909421697e-20
5.168570943796268469e-21
3.516573831073343728e-20
-3.352104112990234436e-21
-7.678995147162929578e-21
-1.416367298184050981e-20
-2.085016256170605589e-20
2.324058235783924940e-21
3.437956890292421705e-20
-9.025267941151088934e-21
-1.323980331866119343e-20
-2.155827200873202953e-20
-8.255892874298411566e-21
1.175468584781453275e-20
-5.500014286500528064e-21
-1.519609886815646912e-20
-7.280014465050484504e-21
-1.241499463388147618e-20
1.722420920490262831e-20
-1.934336876684612358e-22
6.849488073184636839e-21
-8.616481139141627231e-21
-7.860956357734104772e-22
1.563871424257588929e-20
2.986222748912196334e-20
1.804010605710365693e-21
3.589990149955986857e-21
-4.438119527196446489e-21
-2.427462475110335133e-21
2.325109963919417062e-20
1.483430911256055160e-20
4.841041428575854399e-23
-9.311735598853574344e-21
-1.621578080474564204e-20
1.463501094967747772e-20
-1.793342170198374482e-20
-1.023903002105411631e-20
-3.398140147152836531e-21
1.773185166055661743e-21
-2.104552203083681720e-21
1.628602313962489929e-20
-2.739184957990661525e-20
-1.045469721569934751e-20
1.393637219160616028e-20
-1.073966365664507655e-20
-1.476023690099206477e-20
4.747578792480227629e-21
-2.732941810608559891e-20
-4.692470371390010878e-21
-2.752965547901575188e-20
3.351448263538882704e-20
-3.051998454811542221e-20
-6.224416672762025415e-20
-2.927809179615689408e-20
-3.251034069007113698e-22
2.072040077592733859e-20
1.100330569409160895e-20
5.045234288591541983e-20
2.244811599706713477e-20
-2.414437745691631396e-20
-5.859137189273195543e-22
-4.377984763630732791e-20
5.009241112036556483e-20
-5.522176295725559988e-21
-1.791378851767722139e-20
-3.064892409480475093e-20
1.436435162565104748e-20
-8.324837636937778458e-20
-7.341126385998823757e-20
8.350617012016825721e-21
-1.367933899881794597e-20
-1.505241157045828788e-20
-1.879279961341079134e-20
-3.846674629140353026e-20
2.161106616093524508e-20
-6.560954051160062592e-20
-3.531360270691890800e-20
-3.149475835703534987e-20
-6.449084559476119643e-20
-4.458678095222292689e-20
-5.535022808282940460e-20
1.519005627800177724e-22
-3.184643341780852345e-20
-1.060012312240614305e-20
-3.645493959721706528e-20
-5.197998432715750711e-20
-4.953711368016459296e-20
-1.765063032075572941e-21
2.118870912487981859e-20
1.278668590208401176e-20
5.470612744553233114e-20
-5.582729239629785563e-20
-3.074391459942153674e-20
-2.505825842611894975e-20
-1.208553808765715570e-20
-8.711241672306231662e-20
-1.078502707834119267e-19
-1.345818712028872843e-21
4.913892242515743871e-21
2.067013149781280501e-20
-4.728009122105313011e-20
-2.932150291698043641e-21
5.410955095429183056e-20
-1.187762395508870427e-20
1.266030814101768988e-20
-1.935789110959153099e-20
-3.837859513942179310e-20
-1.016910986547221875e-19
-3.958479204290790490e-20
-1.120775591919083654e-19
3.488955255079172208e-21
-2.221375823890599337e-20
1.412890574774639592e-20
2.317491887996539925e-21
-1.580447874775635144e-20
1.542782328476448965e-20
-2.249322987230682787e-20
1.025989608209259444e-20
2.156478545808927053e-20
2.648255391111033219e-20
3.912423951589429727e-20
-1.124838675003934799e-20
-1.921068466914088179e-19
-1.643979898408509703e-19
-1.262064613619424960e-19
-4.702765973441060080e-20
-2.080337196256715548e-20
-1.155029420611604042e-19
-1.174683953911687038e-21
6.581789941102116950e-20
-7.890308602179212104e-20
4.093863355836108816e-20
-7.819890722168629655e-21
-1.722042631923933113e-20
5.905793559070108581e-20
1.363626200362493381e-20
-8.307504120013349066e-20
-2.769373561966734483e-20
1.042038946570482132e-20
-3.839656862446565897e-20
1.400109501758283618e-19
-2.256940607281752212e-20
-3.583753823565785747e-20
9.476780540836948991e-20
-6.600318136541419990e-20
-5.100907931413452662e-20
-2.678161010973191331e-20
-1.209668265443269315e-19
3.003819852198210450e-21
-7.952218912034207910e-20
5.592643716387709827e-21
-1.080999343558224604e-20
-6.148188042114218649e-20
6.259828359837791529e-20
-3.708451686914850907e-20
-1.026800574024767911e-20
-5.690708445871221824e-20
-6.716763607008367914e-20
-1.037751382607588480e-19
-3.114236407950479264e-20
-9.169239246594626961e-20
-8.480608379632304593e-20
9.816675497140222045e-21
1.197891902230501807e-22
-2.327735131559206852e-20
-9.018705449727235800e-20
-6.184271049541665041e-20
-1.274952966610160433e-19
-9.314040728280315215e-20
-9.945224823584446381e-20
-7.031787988533988101e-21
-1.374988303226115499e-19
-3.651894062528779635e-20
4.272272563550851072e-20
-5.541069048290091085e-21
-3.342384005567154219e-21
5.735760465169373571e-20
-4.786143082427278794e-20
3.310945305609844664e-20
4.404931579094159602e-20
-5.972636145990884796e-20
-1.966714973346476501e-20
-7.002147964479102412e-20
8.475175466249922197e-21
-6.652337012089939836e-20
-6.868164819796507231e-20
-1.257408782736800159e-20
-1.339091720837297933e-20
-5.252066566176380138e-21
3.219699963506943286e-21
-1.024048407028902179e-20
-1.875503015973641988e-20
1.488379513598545067e-20
-6.064490814971225834e-20
-3.773258159318814661e-20
-1.260472125853355519e-20
-1.703770269769724622e-21
-5.965810110572723041e-20
-2.497172664880039589e-20
-4.620614758248680832e-20
-2.034336164665449477e-20
-1.489105753579933033e-20
-1.574951300004591105e-20
-1.328324976315332301e-20
2.582574790432050789e-20
-1.797834196190116055e-20
-9.735979964200775645e-21
-1.581419609411177536e-20
1.740527628582419931e-21
-1.173291874525941190e-20
4.789204414080584149e-20
-1.632172997760258207e-20
1.680668132108614298e-20
-3.096834052352931971e-21
4.436529081514526711e-20
2.636278934589457559e-21
-3.501015059991051203e-20
-4.127873849129159738e-20
-3.511285108029449669e-20
-4.030384628855543726e-20
6.486768598881837696e-20
3.146835270105981929e-22
-3.342195278498215105e-20
1.854169092954015047e-20
3.151262626551033440e-20
-2.991953557870976500e-20
5.917790543735408815e-21
-4.930386850251467282e-21
-1.783251094207835061e-20
-3.643510074487816900e-20
1.798339561255077488e-20
-1.606635327653719202e-20
-1.901325057286804573e-20
-1.518843289032476775e-20
-1.117675060140557643e-21
1.801141301840695887e-20
1.923587536597940829e-20
2.212953499592255934e-20
1.308460166209883991e-21
-1.318264645948560055e-20
-9.252813912143171113e-21
9.696111930626296988e-21
9.544870562619671271e-21
-4.272878159243335158e-21
-3.239085819065253833e-21
6.660829944174096973e-21
-1.159895095660524460e-20
-9.594232291994574479e-21
-1.040265134915530863e-20
9.132419394933526854e-21
-1.620579641288645945e-21
-8.997617481725497529e-22
-1.062324931061893336e-20
6.543958764511157391e-21
-3.560465122564916646e-21
-1.213600783286693027e-20
-1.803946291700951364e-20
-7.997720137607815931e-22
-2.448237775994275014e-21
3.540680918444254062e-21
7.938625016924900995e-21
-4.775592877811822153e-21
-4.183659233561184107e-21
2.823010372872217342e-21
6.623752918123871741e-21
2.119475792235030235e-21
-7.718859640986238066e-22
2.373640595644902378e-21
-1.096118225007826935e-21
4.060669261011827578e-21
-2.716540103507327615e-21
-3.692163731670625912e-21
-1.588885838964248406e-21
-6.907709429278724470e-21
-7.872465096769258299e-22
-3.268032451748094168e-21
-4.265070755511081652e-21
-4.690998529642102177e-22
-4.771002085968967072e-21
-3.488566078378908286e-21
-1.947136142095991166e-21
-2.234595073686933111e-21
-5.846447808888090951e-22
-1.052340509589380098e-21
-7.135330406890484883e-22
-7.865540342599877898e-22
-1.128540686554929579e-21
-7.409258350835055023e-22
-1.230439248417791856e-22
-8.083672393742474350e-23
3.538079983621141438e-23
-2.196052099086692121e-22
2.008043059611356264e-22
4.014168641769423982e-22
3.949499244438351867e-22
-3.679196068387963501e-23
-1.696970629195437521e-22
-4.868277159159860295e-22
1.834050499574576812e-22
1.060636927248632760e-21
8.421510413678565582e-22
1.237052627022218831e-21
8.552274385800828386e-22
1.277067913917139831e-21
1.244448834637236778e-22
5.464815437311232954e-22
1.313797864770416946e-21
-6.777998748219291526e-22
4.202232750324146940e-22
-5.710227045139315738e-22
-2.288908607747217438e-21
-1.097764881213707563e-21
-1.587054662444923231e-21
5.380110212446194075e-22
2.118375787352172206e-21
3.333453980938875771e-21
5.920416123048991239e-22
-1.150845399577335248e-21
2.824997192311003699e-21
-1.387762966065076044e-22
5.520685965846179491e-23
1.404699994360993298e-21
7.344251056162222397e-22
-2.676596511172667495e-21
2.779831923575177033e-21
-2.487664621834656403e-21
-1.371889548097124879e-21
-1.973363693240436163e-21
-4.883089740247229260e-21
3.692046475181678759e-21
4.878538570170219474e-21
1.376383535627630394e-21
3.420574233111944042e-21
1.071486226819701652e-20
-5.692598902710425357e-21
2.002459213441852749e-21
8.021474887643290297e-21
1.503581103353333123e-22
2.234887018777607979e-21
-2.236264189160946946e-21
-1.493137407628860727e-21
-1.391891018659946179e-20
5.589342855575355282e-21
-3.249232238249999047e-21
-2.506024592835558673e-21
-1.115658923710869031e-20
-7.166575688016160830e-21
-1.525847277330502697e-20
-1.219613244168874886e-20
1.617151193295968516e-22
-6.236944043217298942e-22
-2.624353710752078101e-20
-9.161489501392742989e-21
-3.296285105903255144e-21
-2.530575835840740067e-20
-3.301990449304637000e-21
2.740388439627815404e-21
-2.010974926681169892e-20
-1.551197289852947030e-20
-2.653141197370943847e-20
-6.159502966104326860e-21
-2.602707305141601177e-21
-1.992811734359713390e-20
-1.226450980399889756e-20
-2.532946073885280472e-20
-3.390857494358961444e-20
-2.293039328133103181e-20
3.462713562476992791e-20
7.649296049296127046e-21
-5.821871925202066720e-20
-1.646717607711861058e-20
2.614353895960382425e-20
-3.972508146380614938e-20
2.387035809346493416e-20
4.183046625877138185e-20
3.052706672241963184e-20
-4.488615352140417839e-20
3.886128066430157602e-20
-3.903708469727230248e-20
-1.018153907790543004e-19
-8.558102600532980369e-21
-6.310032201673494182e-22
1.117405425704469153e-21
2.922310567111796085e-20
-1.528547090045019949e-20
6.310310298200522390e-20
3.629215380292837153e-20
5.072691871365549769e-20
5.645918496875258751e-21
-5.298175110846002952e-21
1.637278665243823718e-20
-2.164604887979933093e-20
1.726975798924119773e-20
1.349224048338647448e-20
1.530727361762166886e-19
1.256403158056134274e-19
1.045712715911390123e-20
2.010047757848357151e-19
-7.979594982937344198e-20
-1.176427178323745758e-20
1.939114918859308497e-20
-7.091811521836201899e-20
-2.820357944295053974e-20
-1.115392031695901116e-19
-1.459546463352097737e-19
-3.967844514416825429e-20
4.265742754224116685e-20
-1.824205603172091532e-19
-4.968073188169940475e-20
6.143175347017917840e-21
-4.303511513985992376e-20
-4.332023528838016363e-20
-1.820526606541786061e-20
5.706844508882784372e-20
-1.222303261003183467e-19
-1.226548482232508794e-19
-1.708993365068115512e-19
4.847640890863137831e-20
-9.372406284071488835e-20
-9.115732432933336557e-21
-2.306427042246274391e-20
-2.270792669987118643e-20
5.519518791103468213e-20
-1.384044490519583851e-19
-9.686440583377963413e-20
-4.084804729237765964e-20
3.649183972093755953e-20
-5.219591903092251879e-20
-1.517365330005205155e-19
-7.980300896572020179e-20
-1.109607626444583994e-19
-3.709976272436819942e-20
4.251884947179227605e-20
-8.109379302862505439e-20
-7.252750030914250628e-20
-1.866571482859010485e-19
-3.141987663698207929e-20
-6.122835621633269267e-20
1.139510350573663804e-20
6.993439128356353510e-20
4.749178504411086533e-20
-8.347501668470470516e-20
9.812599101637213419e-20
1.029002390654164706e-19
-7.426241509081068341e-20
-1.786836388703615467e-19
-4.191942470972084075e-20
1.196641694018682822e-19
-3.732260464358809054e-20
-7.677970321224726254e-20
-3.689731670608330699e-20
-9.394869308231941922e-20
-1.073280766911376592e-19
-9.686714107349403772e-20
-9.709090808935624706e-21
5.823931689562088688e-21
-1.027075299222041660e-19
-9.848823472107290162e-20
-2.840194443441110266e-20
-9.678757084334806787e-20
-5.307995621971179130e-20
-1.386140541395070668e-20
-8.885789784597007795e-20
-1.020327247541297043e-20
2.801344121279909496e-20
8.864882433620581898e-20
-5.627352290668252037e-20
-9.479501426913991428e-22
-1.840074257318283842e-20
-3.391611988427055297e-20
0.000000000000000000e+00
