0.000000000000000000e+00
0.000000000000000000e+00
-1.964654141061872610e-19
6.048751127418767623e-18
-8.611185593804930332e-18
-2.883055679785898360e-17
8.684979932664238432e-18
-2.625398838079170967e-18
-1.344099022671571739e-18
1.044501347706100324e-17
-2.503989274148871354e-18
-8.606781312001479474e-18
-1.444107038757550264e-17
-1.151115944815008300e-17
-1.619462093859734036e-17
1.551475710357512676e-17
-3.417954284206592183e-18
-6.342921064575162349e-18
-2.953296801120121795e-18
7.322221939269000364e-18
4.711284121890653095e-18
-3.311178587732728822e-19
-3.067098589730689188e-17
-6.090958199725004103e-18
-1.919268380183353346e-17
8.434362825932091137e-18
8.339248444559128389e-19
-3.229370677155659142e-18
-9.783965340044803929e-18
1.156919559427249615e-18
-1.347245603014950080e-17
-3.836205591667740362e-18
-4.798337498781212123e-19
-1.824197872154393118e-19
-4.492285813508636919e-18
7.254066529139501061e-18
1.285795855908835490e-17
8.535349406602781015e-19
-1.417215043692586161e-17
1.302404069336533439e-17
-5.668215496502599572e-18
-2.125156119781891290e-18
-2.290410043491682930e-17
-3.144255185953776500e-18
7.125411566409261924e-18
-4.427284692058131902e-19
-2.057312337130849871e-18
-6.053214825423772693e-18
7.894918835571365416e-18
2.091436811354947102e-19
-9.888955156683043711e-18
6.312773282177737619e-19
-2.003052202564843865e-18
-4.067328113684236513e-19
-6.749956878295890487e-18
-2.271666633380608209e-18
-2.015927403373301182e-18
2.441580092183525442e-18
2.374318076473603954e-20
-1.374067642734272698e-18
1.629256437826988675e-18
8.721779020760349910e-19
-1.539047384658125981e-19
-4.689098260589509556e-19
1.633348146782646173e-19
3.079515771867333762e-18
-1.977433996770970768e-18
3.303098695734494454e-18
3.323616262825905282e-18
-6.381144845974494826e-18
-3.658621029481685385e-18
4.660192989635590869e-19
-3.616220999853561719e-20
-4.098357981165782744e-18
-5.449297937434763077e-18
-6.844860054511172506e-19
3.120523585998569994e-19
-2.725697755915025830e-18
1.594519241825260698e-19
-5.821095217580715885e-19
1.106672613676303195e-18
-9.951471446886735020e-19
-4.246988781929797948e-18
-3.930854269459245647e-18
-9.450574660989437512e-19
-2.957376302604493236e-18
-7.237825136690325025e-18
5.159579373689030012e-18
2.297926174119235151e-18
1.480077601026246949e-18
-4.708239885083839177e-18
-8.113503509181053677e-19
-2.632696662435207318e-19
1.421738568222223155e-18
5.610373191320040163e-19
2.738514992127448681e-19
-3.808704361672860978e-18
-7.524799744303951197e-19
-4.389810476946534414e-18
-1.618860011606707125e-18
3.048405610295597328e-18
6.616445581004176880e-19
4.043865228086353985e-19
1.797358777948358373e-18
1.124948642675962613e-18
-3.837150754004560088e-19
-2.058106377877469549e-18
-3.305722666831180280e-19
-9.330414697408436664e-19
-1.138562882081226550e-18
1.791524246735028133e-18
-1.267454607790099173e-18
6.152089435120016706e-19
-1.411066553348391270e-19
-8.904738627400750544e-19
1.589765577823103435e-18
-1.102328144920644665e-19
1.754150783298586526e-18
1.255992402235218186e-18
8.968692254710912292e-19
-1.505015702809725025e-18
1.836652443018858212e-18
-1.815118073302187667e-18
1.606967472871471248e-18
1.391520072085236814e-18
-1.208548374510926690e-18
1.996378400383706292e-19
1.456953965436230845e-19
8.492122841359004320e-20
1.493901753369603481e-18
7.845672733816318801e-19
-2.464876238531537575e-19
1.515850198430874546e-20
2.696643689400107379e-19
-5.094867428832767854e-19
-7.606345334491673697e-19
1.779860481348081165e-18
5.281524792971881274e-19
7.352281610701918945e-20
6.580692191894122245e-19
6.366301762741560476e-19
-9.708570454369808354e-19
-5.153406160927395082e-21
6.826506437140907931e-19
8.290642612378132690e-19
-1.323239154138986957e-20
1.110268704853714976e-18
4.507724533805282744e-19
-3.838081785377662111e-19
1.142554493318109373e-18
-3.278003612426358906e-19
-3.505310893567000746e-19
-4.969715793365990302e-19
-2.726812581711820779e-19
6.789399906959314565e-19
-2.433704400859600960e-22
-2.824386778003063460e-19
-6.190319638103952767e-19
-2.928363921173283592e-19
-7.985933812709527857e-19
-5.765278095158593490e-19
-6.980914889889779650e-19
-2.368780497344726499e-19
-1.744445116782528597e-19
1.560512748597796643e-19
-5.787328731387961158e-19
-7.279458959461969620e-19
-7.565563489374996868e-19
5.244198580540388222e-19
-4.500235672338120315e-19
-6.107821327374025771e-19
-4.363359713053001191e-19
-1.326442792477103010e-19
3.546475581817420737e-20
-2.158888026093609532e-19
-1.083255726905993268e-18
7.458218021435442827e-20
5.118647675808721221e-19
4.617804023514808025e-19
-1.690209742062982434e-19
7.068061669387505644e-20
-1.464376554873561114e-19
2.208590633081355344e-19
-1.839526710927095533e-21
-2.114130394132734690e-20
-1.917084905366759469e-19
9.204273863075801489e-20
-1.779369882043278885e-19
2.325883342393369533e-19
3.430083413664511846e-19
-4.022188502772846941e-19
-1.590329394530636812e-19
1.074314396642658717e-19
-8.762563016811862137e-20
-9.973925997772231971e-20
1.171764284749253580e-20
-2.716222511079439789e-20
-2.147589741740276124e-19
-3.479685621011891495e-19
7.039947607488397097e-19
-4.846912232046358047e-20
-3.471716647708412383e-19
-4.383956896098754169e-19
-4.013459279748825773e-19
-1.318435570696122115e-19
-2.496100554358861344e-19
5.876189454035176580e-20
4.104606025559528167e-20
-1.906902383534777216e-19
2.154627397069622774e-19
8.973256176825322427e-21
-1.342468223252647837e-19
-1.026484601923230320e-19
-6.365257634820069711e-20
4.185127426684158163e-21
-1.840546861185005326e-20
5.034703050188452930e-20
3.766387384921955182e-19
3.634449853373241647e-19
-8.354389407786603189e-20
1.779246019220405494e-21
2.864666350779428108e-20
2.797095522216438517e-20
7.493838706372439177e-20
-5.492748216309253056e-20
1.134577508259141672e-19
-1.351331674763579982e-19
-1.159654468710963194e-19
-6.883004425114199444e-20
-8.813946417105363143e-21
-1.231782321091356509e-19
2.230382068543921776e-21
1.686764310261682864e-19
3.294341950986666296e-20
-1.243899791193254089e-19
1.016668367199633454e-19
-1.108372704882930570e-19
2.019402351950000752e-19
1.890554972922558912e-19
3.788277749518900754e-20
-2.938416205228819364e-20
1.208261776163001256e-19
-1.802468208477078978e-20
1.652980351046662063e-19
2.014989974093842333e-19
1.369007060389052239e-19
2.124641375036319831e-19
4.290659197428345986e-20
1.158688106862329478e-19
-2.298896524214782301e-20
-7.827276981220727040e-20
1.304193130831232027e-19
-9.939567287724664470e-20
1.636755253725118497e-19
-1.002778888466737366e-20
-6.061303062783452598e-20
1.406590091545367362e-20
-6.541715629662401420e-20
1.251889632807138911e-19
3.441892167558420559e-20
1.648528973188217874e-19
2.311601512380866520e-20
2.271441755067043793e-20
-1.193591237113880687e-19
5.516267138860852508e-20
-7.091039649968548867e-20
7.608661688036115030e-20
4.166654410136879202e-20
-6.418090653915736985e-20
-1.331997055942164541e-19
3.021944211240427886e-20
-1.517043899456587659e-19
-4.688261204920264837e-20
-1.153583147554250087e-19
-5.149972649144258749e-20
-1.135630431979767781e-19
-7.736922784138667873e-20
-7.840147229776056585e-21
-1.170900861466292461e-19
-5.671849936670804888e-20
-5.402010776499971321e-21
-2.923534197490718666e-20
-2.044252891159803670e-20
4.209084447298389323e-20
-1.260847738696149833e-19
-4.231192909626566753e-20
-1.252197611864449799e-20
2.933709124825485143e-20
8.874764173655505903e-20
7.239750130197097757e-20
-8.825600255262041086e-20
-2.943938030882009155e-20
-9.875424467113627549e-20
6.999272997279138652e-20
-4.926815995989739534e-20
-2.931637605217359803e-20
2.643514506469168296e-20
6.345167615935597581e-20
2.018907166657079713e-20
-2.457549241603282146e-19
-4.855625631709087175e-20
5.840976648610309110e-21
8.151685578433661111e-21
-2.830615105829821823e-20
-2.648569374825470673e-20
5.587068626216781081e-20
5.694013134802597887e-20
1.205301462798186996e-19
-8.239362728135378620e-21
2.980686113980887573e-21
2.756188110077896064e-22
4.223038034319734904e-20
-2.739731057039140382e-20
1.742002899774828797e-19
-4.801876533847407938e-20
-2.595876110738440802e-19
-7.003812829375855072e-20
-5.559398219105754611e-20
-7.350971429930942617e-21
-7.432831920045249006e-20
-1.258319942707239102e-20
2.446153845979557945e-20
-5.136033700564011387e-20
-7.446028052211034565e-20
3.910785896195832435e-20
2.167235118200623480e-20
8.797786122498933094e-20
8.564116528686288013e-20
1.976381902610505938e-20
-3.478152626219144591e-20
-4.818665610004181169e-20
3.287765713624200117e-20
5.320039962299916042e-20
4.819799162430312892e-21
-7.117371803131482119e-20
-7.783157379624876341e-20
-2.012728336059546791e-20
5.690383888620696228e-20
-2.345262219243550056e-20
-8.697425143643377562e-20
5.011697747559787505e-20
-5.850694437064456402e-20
-1.876840459317779665e-20
2.414417543053841976e-20
8.158224873246144806e-20
-7.752822027744452471e-21
-2.845172950853862952e-20
-2.062102173633037327e-20
5.820682004568827264e-20
2.646988012933480154e-20
4.846272610743240104e-20
-9.299486223048526490e-21
7.062671610372406389e-21
-4.595256593015283401e-21
-5.091088523303392363e-20
-1.572100516480058450e-20
-1.224926135535131302e-19
-3.806229786512222401e-20
3.243262449534367370e-20
4.429673382046735369e-21
7.597415518622326914e-20
1.152834106091766907e-20
7.221632798737666812e-20
2.154479987658984612e-19
-7.471393750579071465e-20
-3.288613636033160705e-21
8.688494944851424383e-20
-3.308738444871129783e-20
-1.265155375765968173e-20
2.728304011357668460e-21
3.676541823853778196e-20
-2.088308922219768911e-20
-2.829624973422413846e-21
6.891754135105742779e-20
-9.529373821885453314e-22
-1.083268991897435755e-20
-9.202927962856463736e-20
8.348214728688834265e-20
4.152575141216309590e-20
1.687408065843827360e-20
-9.170713013172465563e-20
-8.495509767638297398e-20
-6.319350895884749384e-21
5.075865697556924721e-21
2.219157133790146770e-20
-2.996429866214044217e-20
-1.758311990111272528e-20
-5.092782488802884856e-20
-2.234055041006007654e-20
7.551308782271369387e-21
-5.561275774457212490e-20
-4.568601472804118143e-20
2.592661394872021273e-20
7.364132637416500848e-21
-1.080315995087205087e-19
-5.273946223555482591e-20
-1.455228122791331030e-20
-6.126003186467812891e-20
-7.449475447428348570e-20
-3.629878711929336534e-20
-1.197899780352917897e-20
4.368445131467501237e-21
-1.887636540880442799e-20
1.358962275295301270e-20
-2.423437947201665346e-20
-3.753566282702946115e-21
2.401757028599640640e-20
1.369929422832428572e-20
1.873996013113399093e-20
-1.203285820012203746e-20
1.063776488303110069e-20
-2.080336775747211556e-21
1.370784714293827463e-20
1.083969437701931626e-20
-1.153583254245592979e-20
1.958208952457933984e-20
-2.170874906825704816e-20
1.458757930603566731e-20
1.251332860806134748e-20
9.153051895045264061e-22
3.415275456745429954e-21
1.712522033604483235e-20
1.974770184563973720e-20
-1.406775942900287496e-20
1.796444470392172729e-20
-1.839920528807502262e-20
-1.691786749481572367e-21
2.132065226986793459e-20
1.427077910997106178e-20
9.611661656652297788e-21
8.573500218960785273e-21
1.927618264047034781e-20
3.739060024135562566e-21
9.653174485091425285e-22
-4.916841748892620086e-21
-1.350639241594901573e-20
2.293213284963964736e-21
-3.676664785229843471e-21
-5.946441685543456022e-21
4.862139129012588861e-21
6.190155051519356575e-21
-4.268743744525514810e-21
4.520739581678577831e-21
1.628271996968043066e-21
-1.247738033203171524e-21
-1.023788926385434217e-21
8.828700823361787220e-22
-5.646704628765136644e-21
-3.095652283536565814e-21
-2.238576115203082278e-21
-1.513419816052446162e-22
-1.550703489932513725e-22
-2.738756555995296734e-21
-4.728246715997157885e-22
-1.160759630389417010e-21
-8.198063208892698322e-22
2.738873810537313407e-21
8.201030016997552489e-22
1.722964011479891904e-21
-1.063995936356202911e-21
-2.349873857907347347e-21
-2.709845389472810562e-22
-1.955235143482875487e-23
-1.488359090249418480e-21
1.638443997480329399e-21
-3.966669028261683593e-22
9.942840724535153199e-22
9.479962623730037270e-22
-9.498334175105427824e-22
1.364123298165355350e-21
-3.838308142988635492e-22
4.399998317575636435e-22
5.249564909502425637e-22
-5.257285868574852069e-22
-5.255471967469052691e-22
-3.306296017933003397e-23
-5.872494581843251269e-22
2.112179135692567602e-22
-3.905808582205563499e-22
1.855414198749561588e-22
2.280050310496756010e-22
3.777235096189645850e-22
2.620007301284666222e-22
-2.630010347221505542e-22
-1.755606837394456040e-22
1.283783349267399813e-22
-2.675967001390314835e-22
-7.778319821247198262e-23
2.794137845445476966e-22
1.086144282952750226e-22
2.039248244919325484e-23
6.433370204778843958e-23
-1.437030828736249109e-23
4.662065176269815463e-26
-1.864143785016658451e-22
5.807606649289130827e-23
-2.066663657501494470e-22
4.547958424152349866e-23
-2.104772572303965411e-22
-3.740885296487627111e-22
2.200930396595417531e-22
-3.403163538141101911e-23
2.094947117812763534e-23
-2.704932105234618426e-22
6.022994584791062084e-22
-3.128751089561291163e-22
1.387106867304490568e-22
-2.439003238705620746e-23
-1.780060000789805599e-22
-1.033717323318016534e-21
3.426195158674042530e-22
1.094541310548800096e-21
5.133014602741059755e-22
7.042942158485508656e-21
3.072798784855476851e-20
2.043660794084958016e-20
8.799362600316251557e-20
-2.123248250973705038e-21
2.246086629151005319e-20
7.799605195206170842e-21
5.941976943359577099e-22
1.013542547708240050e-20
1.853851444660187566e-21
4.074931271218654076e-21
3.684499034333412624e-20
9.881420448104094338e-23
-1.028980210664716928e-20
4.685596916542546831e-22
-2.450942585184553412e-22
1.442588412403608048e-20
2.405828889288395154e-22
-4.919213701868103585e-21
1.296443787669903230e-21
6.095727438196750223e-23
2.140306791903492618e-21
-6.308380067125473349e-21
1.067992482620718915e-20
7.268758251783595840e-21
-6.823140161200126532e-21
-9.987568835047825403e-21
4.823248713807085086e-21
-9.456524041418029401e-21
9.221599985143332614e-21
-1.058223463558707102e-20
-3.002789916545202564e-20
-4.887753871863646239e-21
-1.512653857858465866e-20
-9.634399261049425230e-21
-4.260845469191943824e-21
-2.126018897594272848e-20
1.489884222952720932e-21
-9.983169657593553523e-21
-3.003386594451904159e-21
1.540218534222399390e-20
-2.830742879777838099e-20
1.603974761191532345e-20
7.177773110549246861e-20
-7.480210860465378449e-21
-2.010821924487406507e-20
-2.778517063680910101e-20
-4.170291950132746078e-20
5.086776285307054906e-21
7.143009390409145685e-20
-1.627557537762453953e-20
-2.751311118965115861e-20
-4.081381016949374179e-20
-1.429812447528478299e-20
2.711787839333706089e-20
-1.201887683039891949e-20
-3.007343147411154418e-20
-1.472062493505838615e-20
-2.347690583523479880e-20
3.522471098615826943e-20
1.152092127169945253e-21
7.637241376964339378e-21
-1.764915206154625445e-20
-1.355680377849356613e-21
2.829073114920846974e-20
5.516636913771138654e-20
4.374831319205585537e-21
7.540153653467867048e-21
-8.091735356608175018e-21
-2.845207385973654626e-21
4.798543321726512373e-20
3.489383484715102104e-20
1.071532896633192014e-21
-2.290494540966720520e-20
-3.055059206415827810e-20
2.704363111399285318e-20
-3.469241521749876523e-20
-2.420729329148885647e-20
-7.039572237689932202e-21
4.801395105798304202e-21
-6.785363711578550013e-21
3.448665656925234098e-20
-5.132758175032021829e-20
-2.119877211764171675e-20
2.979886544794140114e-20
-2.124713959696850568e-20
-2.946262004204896533e-20
9.007927201202039803e-21
-5.060919276400946497e-20
-1.171353369943388491e-20
-5.111175229535905037e-20
6.612968700222813393e-20
-5.284676864781393688e-20
-1.256928062205719112e-19
-5.883143909124836453e-20
-8.466990643080677554e-22
3.873657437345253619e-20
2.203290736458939934e-20
9.976615010112277782e-20
4.225328467547299752e-20
-4.342139921950628984e-20
2.734009457537485005e-22
-9.158749020242823669e-20
1.011279145578616245e-19
-7.943658233608059514e-21
-3.613436471517435019e-20
-6.006697282678863801e-20
2.582105443785301897e-20
-1.734787614087746493e-19
-1.461834398327597860e-19
1.353341490953811263e-20
-2.339294664890540532e-20
-2.693238724099108502e-20
-3.901910736510614891e-20
-7.300664320936485160e-20
4.339148841880412848e-20
-1.312792658414004382e-19
-7.304938906536385356e-20
-6.135150187752588851e-20
-1.278646871244819257e-19
-9.001085463480063664e-20
-1.093021570993559536e-19
-1.471377670934040598e-21
-6.267060802382272802e-20
-1.760758710413475560e-20
-7.340610457342034491e-20
-9.825796314333669529e-20
-9.856203099381765986e-20
-5.362694526471568141e-21
4.344034637726300265e-20
2.859809331018694248e-20
1.085136572056634032e-19
-1.132167308129837988e-19
-6.277088346650122518e-20
-4.866768190764218442e-20
-2.046734378275159108e-20
-1.750748723527232736e-19
-2.075000746247783878e-19
-2.231723784283436325e-21
1.130947952366986824e-20
4.455430370260242662e-20
-9.935545328672495771e-20
-5.663400946328249506e-21
1.097151049102864980e-19
-2.457099782966883555e-20
2.595431102176176278e-20
-3.975123844396995414e-20
-7.610092224453989640e-20
-1.988643954671003957e-19
-7.567927259507606270e-20
-2.230209730194634264e-19
4.830973501109562636e-21
-4.546917977501444293e-20
3.001507924606063377e-20
5.987968614308143870e-21
-3.310161156868869863e-20
2.940141489024037202e-20
-4.372326548623019853e-20
1.875266766412944041e-20
4.433317223650495069e-20
5.847910128352513458e-20
7.576247817961557476e-20
-2.377703792145608664e-20
-3.822930833451640828e-19
-3.330006925022292859e-19
-2.565118748972154516e-19
-9.667839834735080386e-20
-3.964590554626794137e-20
-2.348795907931921649e-19
-7.900381725778368993e-22
1.328346592264146223e-19
-1.573468498413291815e-19
7.808039330756931577e-20
-1.951084189204497646e-20
-3.732340566697028862e-20
1.179607294168061207e-19
2.340858230425201674e-20
-1.656727029329383465e-19
-5.396702782251544683e-20
2.445857667840066439e-20
-7.721402955801286038e-20
2.808420661873322736e-19
-4.595205281145096583e-20
-7.088601904393447453e-20
1.891233092596309338e-19
-1.320612375352836339e-19
-9.818557509605827977e-20
-5.135669366585794483e-20
-2.417937905584453778e-19
5.990776455285315044e-21
-1.591623002285270588e-19
9.586806345497850825e-21
-1.970939155129712847e-20
-1.273944608225455149e-19
1.229246104134242419e-19
-7.381531642137840655e-20
-1.852419400376776303e-20
-1.168655550206645556e-19
-1.350962778166975961e-19
-2.059250751480037402e-19
-6.351885010771010004e-20
-1.841903913563039802e-19
-1.745984655126723095e-19
1.877708283283774627e-20
-4.866483198851140727e-21
-4.755827138310402942e-20
-1.799669200704212642e-19
-1.156405395933408406e-19
-2.453812633019373140e-19
-1.897600616679918990e-19
-1.958973584743526726e-19
-1.393980091498553865e-20
-2.709568612164024086e-19
-7.544544051357763662e-20
8.252087822485213670e-20
-1.083744782928494910e-20
-6.326018246967159209e-21
1.148732029295836608e-19
-9.246605242366934030e-20
6.556425724917973744e-20
9.014060276644549763e-20
-1.218005651130914340e-19
-4.151748810851666766e-20
-1.437919980640937752e-19
1.496038809685757628e-20
-1.321608682381340101e-19
-1.382896177100255401e-19
-2.289841816332434386e-20
-3.012305249528203170e-20
-9.469027279216530636e-21
8.893989137752217408e-21
-2.034015682493961320e-20
-3.386613336637986651e-20
3.459359261772356220e-20
-1.246890066064877572e-19
-7.291077268296453628e-20
-2.620734325240587812e-20
-3.345919694771801750e-21
-1.202093131570165057e-19
-4.768303024184789359e-20
-9.468218628250587899e-20
-4.118091801635281973e-20
-2.807057451156124387e-20
-3.622939401980628731e-20
-3.017537553496551265e-20
5.214092722934558310e-20
-3.516451207192459433e-20
-1.952364803910236841e-20
-3.188188292116042292e-20
3.476088692708020951e-21
-2.424976154580440750e-20
9.821761860152231910e-20
-3.394763273285676790e-20
3.340165908108826101e-20
-1.081535679393814210e-20
8.967535094428330155e-20
3.585962501762636374e-21
-7.207010521522787402e-20
-7.885676107105377400e-20
-7.228566224153570308e-20
-8.402441582566835895e-20
1.322640787836594197e-19
2.382078256529014021e-21
-6.610517459068427097e-20
3.841651690722342490e-20
6.553888796342660730e-20
-6.265131176451398689e-20
9.671039164193489509e-21
-1.171611596365791003e-20
-3.320586972953473627e-20
-7.188445429263426762e-20
3.393251306244108400e-20
-3.343741443572070618e-20
-3.902373909044562951e-20
-3.412779587680538982e-20
1.561202269809525271e-21
3.875393881482581495e-20
3.830259605939091915e-20
4.196841623404359004e-20
1.442945056215138639e-21
-2.822360037538413120e-20
-1.676984020856944277e-20
2.026794408362473059e-20
2.517618372994998031e-20
-9.124258981425198088e-21
-6.509483108720174362e-21
1.323899237745062144e-20
-2.993739083679619518e-20
-1.754119480653230582e-20
-2.106460165273832034e-20
1.968308148812050029e-20
-1.975921065891075136e-21
1.052143074468432483e-21
-2.630333358186884106e-20
1.316883992044662475e-20
-9.935087156595884359e-21
-2.593985631937374523e-20
-4.486540072391078615e-20
-1.137006751928567832e-21
-5.172181271236551727e-21
5.947925242875594917e-21
1.876820511834008273e-20
-1.101081594442273674e-20
-7.733750063498940088e-21
4.928737189358937589e-21
1.152170573773316765e-20
5.487557096622388194e-21
-3.218401729232075719e-21
4.218092265515979768e-21
-1.435645901909613139e-21
1.094862922985222045e-20
-8.101546006961794349e-21
-4.224001488227011563e-22
-6.876616612303965558e-21
-9.097107013183758824e-21
1.460326317800298017e-22
-5.554739574942320364e-21
-9.604748636407622712e-21
-3.615651532965259542e-22
-1.256250790896183325e-20
-6.526433758782934412e-21
-9.787574418328218766e-21
-4.552118420614485325e-21
4.609865064868655387e-21
-2.787537786859295605e-21
-1.722592036780021826e-21
-1.229094271037621651e-21
3.737361574126485222e-22
-7.391402495700023876e-21
-7.653866862607484550e-22
-3.303385524929637648e-21
-1.401802575120163571e-21
1.975807708464317040e-21
-9.743483872501167380e-22
-2.793050100648938817e-21
-2.493695912357854753e-21
5.228455058179896846e-21
-2.250543043910947378e-22
3.157368917735690272e-21
3.338682524564670782e-21
1.865166901979997715e-21
2.996717735210062427e-21
-4.617321902854932534e-21
-3.791640258854049622e-21
1.187827450717376088e-21
2.048223424875273878e-21
2.306437295668887305e-21
3.337770359829958904e-22
-2.921282004143024302e-21
-6.987008429760648345e-22
-7.375619409303433120e-22
-1.216377105695979043e-21
-2.280216919503711908e-23
1.626725014030786130e-21
2.717262361110928635e-21
-1.763300053650222210e-21
-1.923852495256549753e-21
-7.383967413534029783e-22
-7.143266466729044302e-22
2.432997052783564320e-22
-2.762954636022957014e-22
7.999382158886999410e-23
-1.102482824653090256e-22
1.393716555486920439e-21
1.881611792375636788e-22
9.819246791438401682e-22
-1.452616516687202231e-22
-2.301001546468043928e-21
1.889998127000287605e-22
-9.205798743005532654e-21
1.900894438499277757e-21
2.884091209539512468e-21
2.453915517535210925e-21
3.989124296570709091e-21
1.161623570104879879e-20
-7.712540505357116359e-21
-5.574114533240639824e-22
1.410936730274746406e-20
-2.835692923327957454e-22
4.933574381399149781e-21
-3.860435767319436189e-21
-5.013682813739189098e-21
-2.262958372279618181e-20
8.978074575229891060e-21
-6.059233680611141738e-21
-9.774740059920458848e-21
-2.567836476155619632e-20
-1.350497398795918796e-20
-2.866113690595646739e-20
-3.053956627985648292e-20
-8.219074000225761388e-21
-1.761184000579146533e-22
-4.912092715490158224e-20
-1.435026167136569512e-20
-1.707140880835202109e-20
-5.148120900429840698e-20
-6.084156330954399680e-21
9.404721027773876509e-21
-3.926424500790659834e-20
-2.726668269013677218e-20
-4.952267427283156107e-20
-8.247642612144760312e-21
2.843210972463744324e-21
-3.934929210423643841e-20
-2.282120256088845004e-20
-5.481059250268674031e-20
-6.461243640053558237e-20
-4.088528753394896776e-20
6.545591761413110720e-20
1.516457498353254318e-20
-1.100492534146002682e-19
-3.287860374832716794e-20
4.883534832112462689e-20
-8.748670232779101427e-20
5.315613822483415222e-20
8.077517085353515614e-20
5.801061445223261937e-20
-9.315013219326793270e-20
8.163060090649028321e-20
-7.646111556908038845e-20
-1.944990568141110232e-19
-1.628511593253843710e-20
-2.079392165150123867e-22
3.169834667401359881e-21
5.665286036021709779e-20
-3.453886771215635622e-20
1.227912555345633888e-19
7.000050910700606580e-20
1.014347930008969251e-19
2.081052807089305864e-20
-5.679832035775569623e-21
3.963190648137676000e-20
-4.095759149976152610e-20
3.818866474860080183e-20
1.985446007242277134e-20
3.100921701750953008e-19
2.478435635616108228e-19
1.360580768615009917e-20
4.068316360940807655e-19
-1.538806473065409530e-19
-1.503708911972777858e-20
3.925875195625750151e-20
-1.426652097203972990e-19
-5.625763988863660179e-20
-2.195009770040328582e-19
-2.918409527145856989e-19
-7.324231165612205076e-20
8.277236286013601343e-20
-3.679128569513066618e-19
-1.067704142024012180e-19
1.398742132908088727e-20
-8.878629635482650416e-20
-8.496481415506244490e-20
-3.798057657855910158e-20
1.143315555282823691e-19
-2.410023511155428691e-19
-2.439983757383707600e-19
-3.429147026877599691e-19
9.718576654190039175e-20
-1.879691715198527501e-19
-1.244672363180246069e-20
-4.748663643507215277e-20
-4.677684769466627263e-20
1.103951760848505467e-19
-2.831015692208083991e-19
-1.897471947588375364e-19
-8.534655057560835811e-20
7.261673645904420100e-20
-1.059866378451020915e-19
-2.992062674372578163e-19
-1.584576847449882607e-19
-2.222483882469219890e-19
-7.085690540143865255e-20
8.619303428654844668e-20
-1.643121181371319119e-19
-1.482667601644925471e-19
-3.767126678403824917e-19
-6.368939002172975663e-20
-1.225258179442581155e-19
2.616107856015203636e-20
1.386225984302122994e-19
9.537679094666836210e-20
-1.613128821126027746e-19
1.979353236478701629e-19
2.044807533330731114e-19
-1.493454244275409485e-19
-3.584603063613578013e-19
-8.155048607635246881e-20
2.408438725400646272e-19
-7.267304161407754289e-20
-1.511379861304402242e-19
-7.468188678693686529e-20
-1.886801458733887640e-19
-2.166075610145348159e-19
-1.933994831261515553e-19
-1.819387176050692287e-20
1.422458581884181939e-20
-2.032300724471637225e-19
-1.973971100514914110e-19
-5.565313458366236357e-20
-1.911839881734933916e-19
-1.074350685751958372e-19
-3.006203187105450786e-20
-1.812884868817324819e-19
-2.049003470105857538e-20
5.728030307413033150e-20
1.783562700972963397e-19
-1.121156799307406697e-19
-2.776752164362645064e-21
-3.638853112201140507e-20
-6.825745904055565799e-20
0.000000000000000000e+00
