0.000000000000000000e+00
0.000000000000000000e+00
2.386437352781592681e-13
1.180614621264108087e-10
8.206544576842901882e-11
5.279067582829407008e-11
1.704948297784469500e-11
6.299247507369711963e-12
9.498666484167566332e-12
9.826683017984039289e-11
5.341371368586591915e-12
6.988491512382530162e-12
3.089074423288309759e-11
1.806269590194023354e-12
7.105617749806242314e-12
6.812161230866238712e-12
5.395388308001090190e-12
4.204376541330414846e-13
4.260861459110378758e-13
1.162526753184608641e-12
1.213510811705903391e-12
2.839795841937532672e-13
2.367315646036951399e-12
1.848958387775516280e-12
2.735638085510358754e-12
1.328180616381695730e-12
1.117070677185341295e-12
3.478895675659182145e-13
5.831040619012018461e-13
5.708823668272163853e-13
7.526041073941970690e-13
3.079203259780012255e-13
2.456594077222032163e-13
4.740132538679751777e-13
6.507050364182787110e-13
3.925716032742728587e-13
6.261230981467520562e-13
2.444407675472216381e-13
1.325650247565511788e-12
1.117195256437216876e-12
4.073439683428012876e-13
6.007660845135331992e-13
5.749063672326395995e-13
2.887805450437651740e-13
5.052090993081334033e-13
7.163424800090797137e-13
2.370891925614099622e-13
1.631769452066893381e-13
1.985480947505181248e-13
1.447882133986172915e-13
1.715034137346590035e-13
2.040221300236807267e-13
9.197843402530877282e-14
2.599676880587611903e-13
1.014858708373340134e-13
8.396891501031395306e-14
3.458146491785084388e-14
1.381388878987440390e-13
8.524958092442618744e-14
8.714646967572244701e-14
3.572172339038465998e-14
6.804683705633238615e-14
1.063775644228677209e-13
7.104875607276362818e-14
3.898450283816748736e-14
1.357262071689057229e-13
5.847492672349763134e-14
6.130326198560169277e-14
4.968996972462110928e-14
1.016471894811167452e-13
3.289699464838709547e-14
2.667479366385697432e-14
5.357433421123564630e-14
4.287494980216893509e-14
2.795135650765299416e-14
5.432421662598660589e-14
2.521562773609304991e-14
2.118807562558521897e-14
2.211758317013829302e-14
1.144900836488525125e-14
2.224795295631854630e-14
2.754115137432606706e-14
2.660070682218492746e-14
2.017782657419460435e-14
1.717008067199608375e-14
1.709211580046708505e-14
3.526811600846192397e-14
2.324827453671452072e-14
3.068672102774410869e-14
1.537875690457830534e-14
4.731437059952054100e-14
1.779353409669131886e-14
1.366096714770299296e-14
9.999314781349040794e-15
1.593884889231971811e-14
1.363695296368539753e-14
1.406708753033509157e-14
1.014498831427131529e-14
2.178476509621616564e-14
9.834660632579489403e-15
9.534095235812831352e-15
7.427789653991574660e-15
8.201669769856774270e-15
1.457829344921870807e-14
7.050880745362324372e-15
7.399214193004613237e-15
8.652170271683033446e-15
4.372049586342615023e-15
6.893034410541575007e-15
3.745402213093328788e-15
3.787101306486041292e-15
5.805039257109541355e-15
5.216143333498282357e-15
4.192997479367453220e-15
4.792175551343771416e-15
5.137510668531574091e-15
4.946150678425669495e-15
4.131084979566097273e-15
3.459352937349632422e-15
2.599130529463349361e-15
5.832992245439682410e-15
6.808426736906302763e-15
4.122915163217433526e-15
2.252153566452773216e-15
3.558376694506542904e-15
2.074040722193648571e-15
2.242336867609243666e-15
1.894210088452364212e-15
2.280882276001648327e-15
1.833090160809319957e-15
1.777583243458183383e-15
1.371737401235946399e-15
1.480029578624309991e-15
2.037047448593011655e-15
1.437738886879628120e-15
1.543213909158540779e-15
1.876183222427788324e-15
1.437364835931011340e-15
1.419333159427169989e-15
1.653428043329067850e-15
1.403981697645250077e-15
1.897176444233809029e-15
6.966681131231870821e-16
1.007284321849245843e-15
1.128881854356555915e-15
7.217610374530509711e-16
9.197994674962148229e-16
7.812535124335329297e-16
9.910771671546903786e-16
7.876276932628851578e-16
5.568212017805104619e-16
9.770461288611241511e-16
7.503926201571043838e-16
7.853817212795814358e-16
4.899735757459830604e-16
5.761882702327864602e-16
7.399783057541608422e-16
3.721283561860119859e-16
8.370591365518035839e-16
2.962721101060881296e-16
5.342240474701548206e-16
6.591955705384066907e-16
5.266280331531098744e-16
5.162398109156924013e-16
4.919464706138355288e-16
3.873836759242639734e-16
4.107876373340404256e-16
3.922453017614421628e-16
3.013966573722274961e-16
2.348691908872431569e-16
2.905755959108483684e-16
3.114349297308001451e-16
2.468014407481084239e-16
2.576985005650678215e-16
3.318663569171923458e-16
2.921311413158825740e-16
1.932140454735507355e-16
3.045613092812109699e-16
1.885282718645952641e-16
1.810603206388982442e-16
1.501415337800543729e-16
1.628132909542769524e-16
1.305595855718305247e-16
1.425942076238105826e-16
1.025473437645495113e-16
1.777050046464990969e-16
1.122981903398934671e-16
1.070320381711786612e-16
1.687472135623701383e-16
1.697374641445724340e-16
1.401973144658529435e-16
8.807329763516600828e-17
1.369482920909145318e-16
1.188719618690067906e-16
6.904821578103615325e-17
1.340233809797169407e-16
1.189264824425779362e-16
1.569905481568116669e-16
1.751976557138918988e-16
1.293835829619150033e-16
1.231136861802031103e-16
6.798393104899017224e-17
1.029593844640670806e-16
8.234230698006902656e-17
1.055366885887547131e-16
5.021523344770122344e-17
9.020840908029102571e-17
4.622682055690453498e-17
6.892782797710040276e-17
5.760364780880688422e-17
5.521837106356298428e-17
8.302129292303975560e-17
4.327719219976033233e-17
3.433436103152455216e-17
4.468901979462190248e-17
4.621169665907095250e-17
4.420309740301295890e-17
5.440246375905374464e-17
3.756240527816946245e-17
3.552533600933531000e-17
3.876125609387821665e-17
2.906677162069863754e-17
3.827988010175261641e-17
2.935440394123300524e-17
2.899838317397693895e-17
2.356791298443704757e-17
2.825904841477039758e-17
2.732751392637022653e-17
2.912960865419007067e-17
2.010838825117415935e-17
3.222887997415541925e-17
1.623673565874102208e-17
2.318724798879690618e-17
1.756625476007310860e-17
1.991657690001197085e-17
2.113620934224475254e-17
1.813537223451643216e-17
1.435120374904816887e-17
2.094899165257074531e-17
1.427575525598639408e-17
1.321777827906771793e-17
1.231593622529883499e-17
1.349639795387215464e-17
1.511964675279784228e-17
2.526359046239852063e-17
1.529940441439952504e-17
3.198636228156309504e-17
1.494102862342419735e-17
1.002854212673486909e-17
1.430351776685615449e-17
1.148414958316511099e-17
1.216332588979091789e-17
1.532749945125585688e-17
1.280555397513506419e-17
1.313425436638172237e-17
9.897780054550861307e-18
8.488111589860378397e-18
1.222909488723304699e-17
7.293120532935936700e-18
1.472129750085286271e-17
9.570232535500503779e-18
7.897741201244583732e-18
7.376748994536153085e-18
1.043175898786244149e-17
9.167493872706817217e-18
5.579344143386147781e-18
5.599331184134075368e-18
6.086471767777120947e-18
5.567909753331487972e-18
6.959025989230889355e-18
5.336536846189332546e-18
6.399134264657429222e-18
6.176988961157716542e-18
5.616327716166310298e-18
5.689312996414995466e-18
5.187245180375332454e-18
4.357591031115400822e-18
3.928568571358108775e-18
5.313877572398799749e-18
5.226725968173903385e-18
3.150641996660353431e-18
5.373157939873470671e-18
5.510970020878717827e-18
3.959501121358289142e-18
2.971756233549299631e-18
4.223520284182379594e-18
3.211116872336795035e-18
2.823422508137403887e-18
3.089973326901716006e-18
2.651658846635662754e-18
3.080574094282534541e-18
2.895634693322675305e-18
3.229642068947119932e-18
3.418507947073253319e-18
2.863259013186471391e-18
2.802543657160573738e-18
2.336827752792139751e-18
4.569674197442796516e-18
3.411165360742391613e-18
2.853241803827296396e-18
2.822538052455030619e-18
1.823871919266006440e-18
2.635974377455469453e-18
2.126712553005451324e-18
2.734787854567549823e-18
2.702756449789103560e-18
2.109334156828145248e-18
1.960490241123587478e-18
2.362985620072290174e-18
1.429395979210115405e-18
1.960821354795946562e-18
1.866532756614055812e-18
2.365559124824165749e-18
2.109526617254935635e-18
1.778167390626788957e-18
1.920719323871465794e-18
1.567469862818450549e-18
1.660434686732565408e-18
1.774614987024438131e-18
1.877249125923533878e-18
1.873516104212204853e-18
1.311772082732126224e-18
1.388846061908880895e-18
1.420933201420329436e-18
1.660949473727279969e-18
1.221920468074331580e-18
1.028502743576196413e-18
1.415823126589397650e-18
1.040120832944899901e-18
9.260220890617321099e-19
1.238111189349864004e-18
1.090199946537727398e-18
1.491518378419566812e-18
7.902502157909204719e-19
1.109772027999025139e-18
1.103847202571778499e-18
9.019127352951583013e-19
8.775371227438927957e-19
8.427776998850577278e-19
8.556972352536652628e-19
1.080644261861101123e-18
9.000786428977091190e-19
8.553182190001589438e-19
7.184435678621016222e-19
8.407221079558421674e-19
7.673137823812385901e-19
8.782810566093101115e-19
5.651607002855725286e-19
6.121743765148156384e-19
7.441479503179513925e-19
6.677106577513778185e-19
8.284887109362902970e-19
5.603185661778085975e-19
6.407043109938377550e-19
6.285323948984670148e-19
6.094208709735938755e-19
6.518957768891458724e-19
6.674893023302651428e-19
6.369479859481099837e-19
4.501097117278833348e-19
4.496694139846143546e-19
5.447015352997660924e-19
6.307015709090462167e-19
4.741970572312302126e-19
6.019644354726307308e-19
3.202529241212413530e-19
4.746551825071425441e-19
4.338230732182397947e-19
4.288421318210265800e-19
3.613523944657391555e-19
4.830500645805883504e-19
5.102946589243368369e-19
5.054883815172899438e-19
2.956905117364195868e-19
3.658686354201065684e-19
4.191695973056765312e-19
3.317129160697438628e-19
3.371651173840795217e-19
3.702945207600921052e-19
2.882589144519103049e-19
3.153047209657411163e-19
2.714544938428950641e-19
2.846928577570849560e-19
2.791314282655731392e-19
2.026763286477747985e-19
2.782723007356057425e-19
2.411065111824525185e-19
2.299686787317318861e-19
2.075987329500969736e-19
1.403026451376287804e-19
1.899345625629055902e-19
1.675303472451031452e-19
1.632552249402065525e-19
1.297862654446994582e-19
1.404689463548083746e-19
1.212207071345450972e-19
1.042311135346830011e-19
1.327596851777405304e-19
9.906540172711639114e-20
1.070794904485643851e-19
1.158548847020825483e-19
1.025116714928001933e-19
8.843086618425996774e-20
8.195403676917637571e-20
9.145289804787511167e-20
8.742503455628869951e-20
7.205079429719515944e-20
5.920826979830419328e-20
6.182511440209161586e-20
6.506457416710812427e-20
5.196910256530119086e-20
4.081918191180309605e-20
4.487583267323468509e-20
4.757681776282439534e-20
3.511586544478804166e-20
3.725486228001558999e-20
5.625387284163638330e-20
4.815149901301060404e-20
3.838787227223886277e-20
3.291454172681789007e-20
2.896492349692222950e-20
2.845370909392536537e-20
2.533324622100773384e-20
1.832812873736867153e-20
3.362951804528408950e-20
2.087581901053678176e-20
2.329445951887817182e-20
2.030676051137531252e-20
1.878390252527323031e-20
1.767259579465591307e-20
1.479879498601328429e-20
1.055731346455528503e-20
1.260495950728531354e-20
1.257037321427112174e-20
8.796678478247514967e-21
7.916896327477278575e-21
8.066433853518355992e-21
7.486049532611758524e-21
7.911902250885105936e-21
5.416379888906007770e-21
6.207946580298756942e-21
3.921005212862058906e-21
5.510219480763667836e-21
3.441768067506760278e-21
3.473630451703109309e-21
3.391036380710750618e-21
3.027725796581097033e-21
2.537446506894674198e-21
2.626115703925518135e-21
2.106605748539484914e-21
1.856614083350503114e-21
1.099535015810480288e-21
1.321050194782082124e-21
1.294615644668471552e-21
1.228821829922212284e-21
8.468989913780584451e-22
6.286120481939604541e-22
6.156290372164934706e-22
5.312752149313824269e-22
4.449059812659421594e-22
2.440734277582836381e-22
2.845175999339197691e-22
2.572232944848997036e-22
1.308860680159031269e-22
8.808863738262354048e-23
5.065569763687462327e-23
2.772368277198427669e-23
5.523628033017456557e-24
8.745660351895477354e-25
1.405491157943583778e-24
1.440884880622161867e-23
2.099496917273877880e-23
5.184264127761805794e-23
9.762508346139215936e-23
8.099494987253969933e-23
1.835165136066458640e-22
2.396605018678754622e-22
2.441937877803189963e-22
3.407751422351382855e-22
3.008929895289292556e-22
4.821652727137615312e-22
3.635338342072138916e-22
5.474341813627852058e-22
4.888042454187973328e-22
7.086247769304846868e-22
6.912159532517724709e-22
7.766104519372007766e-22
7.069116096958013639e-22
1.026632415947640661e-21
8.543969694971373266e-22
9.928989597529211656e-22
6.254926696041087182e-22
8.880961576128948663e-22
8.231980361286286856e-22
1.095760193388260628e-21
1.110378980464597169e-21
9.197373342925880578e-22
9.357459425887228298e-22
1.010182840119762490e-21
1.275001870593093996e-21
1.050006688225753426e-21
1.185420707441521513e-21
1.196908891190636910e-21
1.242432147144307276e-21
1.231083851916902332e-21
1.362326311458402179e-21
1.616221865695507379e-21
1.732056723263827426e-21
1.719074977460576478e-21
1.084387122312621647e-21
1.511886875235842248e-21
1.779585745953036372e-21
1.762164173990901289e-21
3.512302608855410040e-21
2.508702956045841654e-20
1.755007269706313804e-20
2.987505899423451128e-20
7.232136253863264036e-21
1.839730941473121458e-20
3.511265105826730112e-21
3.757269337962259558e-21
7.635240553831506156e-21
6.014556050591637959e-21
8.811084409413208296e-21
1.279711825867390097e-20
1.032401000773936203e-20
1.585743224174425075e-20
7.823269884969983114e-21
1.206837652098532104e-20
1.163944555967517403e-20
7.257733382118345970e-21
4.848499179324613182e-21
9.527293527592990610e-21
8.498813500537587145e-21
9.730518770664091652e-21
6.940478585997090885e-21
9.373815778280781098e-21
1.510547123431698101e-20
6.966382953781173893e-21
8.627888158768119862e-21
1.196213103323659646e-20
6.081941707162145961e-21
1.031879210810484494e-20
6.143753993087619985e-21
9.108958424801223019e-21
6.798415168363544753e-21
8.166723814985671324e-21
6.393465278250437104e-21
7.395149927518580016e-21
8.700614530059874003e-21
8.686023734611966323e-21
7.280990543236607767e-21
7.906342206262585152e-21
1.227879644266926817e-20
1.369099121087248518e-20
3.159244611784360408e-20
1.948701304054525435e-20
1.549700102260671234e-20
1.391565372772592448e-20
1.335548354948708778e-20
9.086797520919958048e-21
9.618978624620769439e-21
1.580139777245349702e-20
1.184854385109322939e-20
1.080253854574420548e-20
1.054944271219911898e-20
8.131632635687750822e-21
8.383973584220905651e-21
1.296626952318571446e-20
1.140697722951978341e-20
1.065305773844134534e-20
1.203378337561776858e-20
1.040225416123758182e-20
1.375668197610930844e-20
1.564458922872324969e-20
1.357531626811454477e-20
1.386009239017260503e-20
1.184480415518775258e-20
3.357415646127947198e-20
1.574115036778437187e-20
1.736235754251457665e-20
2.524353493203118758e-20
1.680536073798515928e-20
1.840392052495096498e-20
3.049688603342692469e-20
1.758185987948631123e-20
2.238853000770791878e-20
1.780039656879017071e-20
2.161821841039569229e-20
2.615107298023461786e-20
2.424565161141096129e-20
2.495261959684221427e-20
1.912189761935227300e-20
1.979979532412130875e-20
2.161807006249837047e-20
2.430801601075746858e-20
1.961405752103823161e-20
2.817879488950205011e-20
2.017315258889494298e-20
1.924357837414174976e-20
2.258931314262026324e-20
2.177247619101659219e-20
2.553887739830523939e-20
2.668490950020214325e-20
2.775061776391969809e-20
3.477845415149696971e-20
4.642327586486628120e-20
3.183622720784614225e-20
2.244467105102037625e-20
2.893170497710820598e-20
3.125156362776297354e-20
3.110103893822877608e-20
3.401326918392631441e-20
2.876945703946544740e-20
2.514490377219905146e-20
2.765565648403993195e-20
3.364450058928650946e-20
3.504241427604355324e-20
2.622095873398028853e-20
3.230341850765207068e-20
3.138067891582264111e-20
4.297528320232729530e-20
3.921543350855770667e-20
3.851286043040326768e-20
3.174954162341818630e-20
3.936080521490972601e-20
3.093072691025079824e-20
4.420025020332516998e-20
3.839024027562459143e-20
4.126319684136451387e-20
3.730533435215313150e-20
3.604829186375529168e-20
4.560750981080224211e-20
5.028244101669918404e-20
4.532978536281598249e-20
3.756992146238437620e-20
4.110325335532760880e-20
5.572970330245431769e-20
4.969224325903437018e-20
5.491329514287286058e-20
5.978558616584035491e-20
5.135088390688341178e-20
5.344539738171611053e-20
5.483146791298829250e-20
7.150402744430803075e-20
4.989921694001613965e-20
5.924724515246108765e-20
6.428994221265404201e-20
5.132272969737981995e-20
5.809428785163718384e-20
7.750078664470702063e-20
4.675233409630881486e-20
5.563941549149508217e-20
6.612579216622761554e-20
5.978211326160682493e-20
5.419301280958234110e-20
5.891209809342011571e-20
5.692853372192654298e-20
4.641263489490791395e-20
6.059531305672010990e-20
5.993658818374055428e-20
6.947992749475413664e-20
5.291294564367450979e-20
5.831870361601244777e-20
7.354666664660809070e-20
6.334360731796664662e-20
6.227364897853065791e-20
6.432353628607858155e-20
7.176217579427770715e-20
6.882729881999237359e-20
7.626027818886369541e-20
7.061858695096589971e-20
7.449612761023187972e-20
5.559436387884825233e-20
5.966588836106145444e-20
6.092314190306081455e-20
8.217600538304722434e-20
6.789034938768734791e-20
9.276189839972105729e-20
7.838068373213430342e-20
7.123292899305834990e-20
8.159831837669704263e-20
6.597793772387714827e-20
6.307215638260833298e-20
7.268168828390195107e-20
8.811313711703472817e-20
6.054402819871880840e-20
5.423236053083445884e-20
5.779635178563788682e-20
7.693834955886024669e-20
6.606035054379215530e-20
6.562173650387841659e-20
8.037245766027065224e-20
8.350732847181158292e-20
7.174988448215787751e-20
7.090041263207310400e-20
7.168131805009408914e-20
4.801570559606636522e-20
6.299115916404698903e-20
6.357842010433971404e-20
6.746801925165791951e-20
6.468590981066261596e-20
6.825238770673152541e-20
6.952074913883718233e-20
6.205178242801783529e-20
5.288750264656564030e-20
6.220650717007654742e-20
5.691986987230615667e-20
6.280243833767908062e-20
5.384482834395461522e-20
6.885319482196258926e-20
6.044654667602087184e-20
5.440712613180482337e-20
7.006139830141140564e-20
6.292875223498155673e-20
7.236087650818020535e-20
7.240320637576891695e-20
6.392983010792602935e-20
4.919919314489697335e-20
5.730934098727743738e-20
8.213803955628831981e-20
8.442792292918269990e-20
9.339441609357657289e-20
5.532431165190610180e-20
6.237055365431837029e-20
4.920699654157158747e-20
5.598145460850472359e-20
4.075109543695052432e-20
5.190133152546764790e-20
5.213136735502951417e-20
6.206518467594890777e-20
6.160541271672017538e-20
6.581041362248947950e-20
5.407759041381250544e-20
5.065817335316209289e-20
5.361512167880307093e-20
5.436880558746152311e-20
4.536896657885964100e-20
4.562288199984302298e-20
4.079649492136792949e-20
5.285271439360573018e-20
4.040862937068156573e-20
4.636994626450351066e-20
5.033037728128534637e-20
4.430132729718331957e-20
4.013052773666049051e-20
4.194579454419032760e-20
3.867463364943398907e-20
4.049403678056051458e-20
3.900146324379224080e-20
3.366993822766386969e-20
3.867839256275758753e-20
2.477359557757809307e-20
3.803503638026924359e-20
3.380190832143868112e-20
2.985467310225202502e-20
3.989010223733067974e-20
2.922975808984061829e-20
3.069263532786730342e-20
3.037813032273583082e-20
2.727659450879440138e-20
2.796153727115396299e-20
2.435681144030297382e-20
2.719848840340870697e-20
2.270248609555368438e-20
3.035529940184661524e-20
2.225672703647431806e-20
3.315412448741965101e-20
2.990651181968322009e-20
3.587498383241764612e-20
2.674154503926169027e-20
2.751499426910187237e-20
2.521862072828018364e-20
2.204064046897760038e-20
3.230369373131625477e-20
2.291928754387927213e-20
2.839281159818136956e-20
2.522619306474243544e-20
2.504182692346827721e-20
3.046217549988141118e-20
1.758521629927904776e-20
1.840736803462066464e-20
2.166735047076337321e-20
1.810719719056094475e-20
1.575311022430767999e-20
2.003656621919851540e-20
1.872573856333175000e-20
1.802096429796489133e-20
1.541877395195235832e-20
1.812543554693847532e-20
1.396011614677475345e-20
1.254037319742535518e-20
1.402991507602827833e-20
1.106201416671941332e-20
1.154307087885097127e-20
1.175147028770748877e-20
1.106276321939645241e-20
9.442940471287665091e-21
1.161587630424828083e-20
8.387501534576288330e-21
9.334399193070346001e-21
1.000172397397762458e-20
8.574532848087921188e-21
7.797914247365234985e-21
7.563969450933169908e-21
7.669811996122337780e-21
7.116500775030701623e-21
6.960785039933647601e-21
7.906820107333324253e-21
6.649232550988331259e-21
5.898617652159228242e-21
4.756264743760064508e-21
4.463061726231286612e-21
4.834792406796157417e-21
4.188035300404000005e-21
4.460336258916498574e-21
3.734003600700642258e-21
3.284557077598276896e-21
3.801944824402871653e-21
2.698884499004533618e-21
3.352346631572304808e-21
2.846175034090506451e-21
3.559228477858383559e-21
2.273937579204175428e-21
2.332797848552167260e-21
2.054516280755569371e-21
1.660795524192314902e-21
1.983299244413373149e-21
1.493451274959436428e-21
1.806782907013863274e-21
1.277598494888735707e-21
1.087410556422253914e-21
1.279114653290854821e-21
8.450801567851065280e-22
6.088943465898636429e-22
4.970277886497617923e-22
3.224010758020481867e-22
3.095341912394104181e-22
3.240793301393230340e-22
1.730564337577594773e-22
1.709742941598121492e-22
4.285293984100957917e-23
5.132929634836067494e-23
3.880656195197773476e-24
1.747722915526844752e-24
4.848816863918182871e-24
2.529427342188141686e-23
4.326177571949106156e-23
1.555881393144147882e-22
1.411941453592150253e-22
3.848167811908852685e-22
2.893397470583498938e-22
5.552329696593718702e-22
5.171806000607155907e-22
8.626847979536907878e-22
8.779290984980770852e-22
1.242332262775200155e-21
1.130273727639065569e-21
1.747648684735466550e-21
1.727826767008415546e-21
1.970918634126691471e-21
2.492484957050535182e-21
2.520705473545760118e-21
3.203875617230539651e-21
3.902738822230139195e-21
3.364775645087807669e-21
3.815151479828316470e-21
4.344045877634538865e-21
4.526669503826545013e-21
4.977578003475068261e-21
5.918651531687671434e-21
6.176114262584194883e-21
6.476144776615947040e-21
5.798293703690185397e-21
8.764276771285720662e-21
6.846647264821288906e-21
6.971427300165710139e-21
8.151889209871742707e-21
9.287931200764115244e-21
1.062111968834079406e-20
1.196265077436411315e-20
1.065416879080516342e-20
1.186316277133014734e-20
1.296674073007635036e-20
1.737646327702735313e-20
1.494459067160006479e-20
1.545427637422817684e-20
1.779117196341854260e-20
1.856362905676261874e-20
1.790498772375237773e-20
1.959277528114484505e-20
2.067316352991658877e-20
2.225794117817856272e-20
2.340654631604588366e-20
2.009779511077113419e-20
3.523227754128418437e-20
2.462993156482491912e-20
3.133125948787348939e-20
3.222124149034312515e-20
3.050569529551357632e-20
2.900747962695759564e-20
3.544984759092036723e-20
3.863995536366822737e-20
3.826463819678808232e-20
3.412234111024067684e-20
3.395410864903346034e-20
3.226754751584491702e-20
4.808910717751296869e-20
4.708149036494681328e-20
4.111269127487723432e-20
5.347556808456116951e-20
5.200370155693318000e-20
5.990454687655906186e-20
5.847001922176715051e-20
5.561309142183495601e-20
6.024804886570804893e-20
5.910748957492036062e-20
8.116058058789568906e-20
6.111813923079953368e-20
6.823729634964263220e-20
5.744776194328585126e-20
7.833596156429242551e-20
7.247133069878587247e-20
8.918200808484828991e-20
7.708553105417433757e-20
9.081762562117841350e-20
8.269179596985274207e-20
1.039344649136483924e-19
8.291733792841233179e-20
9.093035428063560879e-20
9.855092113160042323e-20
9.098477185397302167e-20
1.053954851950066089e-19
1.329437985702500031e-19
1.093311880993374166e-19
1.092510673738752960e-19
1.246601571916341650e-19
1.090542490896172051e-19
1.471004826005086962e-19
1.314001716090209548e-19
1.205094256510100293e-19
1.518259240146716879e-19
1.818612461371049330e-19
1.681273450645649170e-19
1.445107308908648870e-19
1.462345296243119259e-19
1.416994107898083589e-19
1.579449812914601676e-19
1.685499288296188777e-19
1.479809867904810827e-19
2.303054647798033844e-19
1.899820571012929741e-19
1.907269501751196546e-19
2.035849415861848289e-19
1.920001501015544189e-19
1.832185510260612793e-19
1.742251195018707157e-19
1.763895208482105263e-19
1.878387481777796299e-19
1.916623453349739951e-19
2.169710845707712557e-19
2.176412768246300705e-19
1.919304104191576904e-19
1.895666396907563954e-19
2.178141476927665537e-19
2.344307549553743091e-19
1.934479655028724108e-19
2.503950619433217319e-19
2.067658048750077715e-19
1.867319772130141234e-19
1.996839098399150415e-19
1.835693405073537583e-19
2.194213692511857128e-19
2.174088841307390580e-19
2.038616148611743244e-19
2.276680609721952999e-19
2.066364774509545392e-19
2.201818926626116820e-19
2.660369184520558100e-19
2.674852206829416443e-19
2.035499286936893005e-19
2.556959909567328651e-19
2.437598336782549012e-19
2.108949899771267629e-19
2.159848717612725858e-19
2.447087478475006717e-19
2.264397034050861158e-19
2.380208528441297706e-19
1.816452502565971791e-19
2.530792434835608023e-19
1.901694667897697829e-19
2.160183787658016890e-19
2.039275552008801929e-19
2.200938300276039396e-19
2.345539902085128519e-19
1.893756380109288864e-19
2.303470924708540636e-19
2.037499232414497162e-19
2.002770069803567553e-19
2.203617146649125520e-19
2.136998029321245169e-19
1.890368581501968874e-19
2.110607809251553078e-19
2.068064229548572185e-19
2.021909534976386585e-19
1.733620803545060028e-19
1.813140532423196411e-19
1.491259075789422958e-19
1.413132903089936105e-19
1.683877690004649709e-19
1.811202441613039104e-19
1.290947727797398547e-19
1.803973815491527500e-19
1.576294005211761414e-19
1.669617690354744607e-19
1.788215055177901229e-19
1.399816025202613900e-19
1.356253314435408145e-19
1.300946058739681531e-19
1.143008319433416738e-19
1.347941849700094653e-19
1.280705022947515922e-19
9.424802333354345467e-20
9.724574611576965342e-20
0.000000000000000000e+00
