0.000000000000000000e+00
0.000000000000000000e+00
1.226400895636402852e-14
2.979183154857577010e-14
3.841212926003934422e-14
2.569772669518838331e-14
5.954441550117245690e-14
9.792193922625281637e-14
1.214511672497630568e-13
9.326367816848923398e-14
2.150588541474412448e-13
2.772737000499706192e-13
2.739185802430791563e-13
4.329002126290447443e-13
3.978025775711574497e-13
5.466697156954907622e-13
5.056253944352891521e-13
9.547354862005586803e-13
5.335770436135192826e-13
3.883696302954100252e-13
1.250718237986496239e-12
9.744786367557566888e-13
8.111271338897309998e-13
1.473015235041580845e-12
1.061011732533570578e-12
1.282724005457714152e-12
1.127581508302462482e-12
1.645532034240118084e-12
1.162673758903961012e-12
1.993925990933049022e-12
1.361066080602328824e-12
1.543830219417693507e-12
2.127615641136438728e-12
2.272748605576685672e-12
2.283450147567476303e-12
2.291678027390750138e-12
2.680619472194450993e-12
2.650059424015820861e-12
2.698179267446787751e-12
2.796731264087968531e-12
2.433255394740358993e-12
3.116574825267219602e-12
2.815598284736613392e-12
3.272726929283559419e-12
4.084481569571784023e-12
3.946375091602449892e-12
3.768219898140178314e-12
4.151154519908506152e-12
3.864896317164386365e-12
4.909059900892535988e-12
5.137737518107576982e-12
4.941625604812281644e-12
4.546751390979449400e-12
5.018689550706913517e-12
4.546333820057430104e-12
5.029977010002670071e-12
6.286309428985612030e-12
6.464150709967230403e-12
4.852032316162475042e-12
4.449586865657996281e-12
6.762007439783211873e-12
6.915040627064139094e-12
5.610222559678035540e-12
8.191496381160836265e-12
1.005934096052153178e-11
7.395176497233992848e-12
7.201909483051943756e-12
7.222989771703845984e-12
9.976613504092011435e-12
9.699028410105234997e-12
9.107193868197629651e-12
8.012353462859535450e-12
1.010488772054258628e-11
8.993718105992261435e-12
7.785271445574429065e-12
8.081614903147951673e-12
9.143466673339451595e-12
9.814144867464354338e-12
1.094476358080272930e-11
9.942054244409364181e-12
9.877656982181586531e-12
1.177086818949540609e-11
8.924194510423150565e-12
1.016514973284351842e-11
1.154756638115869547e-11
1.167798693183184043e-11
1.277926829342947272e-11
1.115653999167720396e-11
1.174752144660561472e-11
1.370455147332514813e-11
1.292894267527883294e-11
1.396255768484647700e-11
1.328021513197256604e-11
1.393303896471691187e-11
1.407412876101908137e-11
1.968037866909719052e-11
1.163097101101221615e-11
1.464614346945020618e-11
1.435240628367153278e-11
1.707191734546189239e-11
1.507610788104303345e-11
1.744150860524732529e-11
1.632788724354131909e-11
1.609957526084544939e-11
1.434319809524967322e-11
1.570270101276347107e-11
1.767468502361502303e-11
1.850308226307880272e-11
1.642334444039351849e-11
2.078191304550287346e-11
1.724389464288559182e-11
2.070133998144731298e-11
2.032857446009413856e-11
2.002579640678522776e-11
1.779352543877882184e-11
2.048267277254298519e-11
1.783516383433048007e-11
2.435033355895363129e-11
2.050269796239666049e-11
2.196669575415015584e-11
2.128692177758381108e-11
2.083701961397440641e-11
2.383764632922610393e-11
2.446206277252222052e-11
2.714136484007420802e-11
2.166718739383543608e-11
2.352327505938095706e-11
2.208262788084866975e-11
2.522697340243914947e-11
2.398827576511628385e-11
2.634059414616410674e-11
2.403834840448903319e-11
2.640821533128013824e-11
2.578768978279045226e-11
2.304819508901938000e-11
2.433146830153883963e-11
2.824106344049284406e-11
2.892336659868805301e-11
2.930526959627997791e-11
2.894514586741435085e-11
2.830191502099127736e-11
3.150652320063193929e-11
2.721349787417988546e-11
3.039753695249751797e-11
3.006572650487388162e-11
2.929983651034628229e-11
2.668468489884055950e-11
2.947702095846814407e-11
2.545725055082834980e-11
3.213588600607495176e-11
3.172221386094462519e-11
3.117814688862321858e-11
3.097174072646251336e-11
3.142990540499370742e-11
3.618773851910372634e-11
3.485459579410117284e-11
3.291693686673055052e-11
3.126996296044677926e-11
3.189672365374341385e-11
3.894867716850644638e-11
3.071727446863115134e-11
3.657255976882650359e-11
3.704955745944316380e-11
3.585108901251128074e-11
3.470256853773460303e-11
4.048651931811425803e-11
3.862643363043328931e-11
4.217129075624862429e-11
3.615462310891532261e-11
3.691810076101660224e-11
3.939802288417442599e-11
4.282094991497263103e-11
4.199580384734821066e-11
4.468963091209531906e-11
4.191584397432941978e-11
3.608704905798650884e-11
4.049146545077043304e-11
3.693460487625466996e-11
4.441658497875417597e-11
4.617091751383666723e-11
4.538588753517659100e-11
4.340516153498853515e-11
4.766192088093607248e-11
4.493773043365848040e-11
5.192364450358915005e-11
4.512598979880223151e-11
4.995975099794468198e-11
5.491938941381737274e-11
5.582591891924937401e-11
5.322949988415623310e-11
4.806741700650349134e-11
5.461442719764958806e-11
4.743779874551227756e-11
5.875927205751168921e-11
4.914146798204536493e-11
5.826740185177810930e-11
5.390267755448817102e-11
5.729550690961541837e-11
5.639967843979821406e-11
5.649211805366997732e-11
6.001492134366401025e-11
5.267871115657622811e-11
5.992886306558521497e-11
5.414746201625899460e-11
5.306162781075361766e-11
5.877372295364198555e-11
6.598022172193222534e-11
6.614691303402817539e-11
6.028930625478293073e-11
6.260953726867994860e-11
7.217563932220808330e-11
6.410817766084549967e-11
6.638640429713831535e-11
6.564576510353579856e-11
6.872122083816114062e-11
7.028292880418155249e-11
5.999053824108241458e-11
6.638077709062784388e-11
6.741496256579700420e-11
6.748483645453461807e-11
7.902477495341133885e-11
6.744198129146679683e-11
7.116652990123768356e-11
8.012811154982981005e-11
7.522531149188558391e-11
7.273053445713618451e-11
6.681365177692857036e-11
7.445490698657574495e-11
7.594663510098716857e-11
7.873616331275008068e-11
7.445347536328342534e-11
8.406119008575926226e-11
8.939194187602617404e-11
7.885217292805282406e-11
7.931200761083423481e-11
8.177433778607350546e-11
8.914488360368602361e-11
7.881011253796078601e-11
8.725041030722709335e-11
8.659943527727426979e-11
8.577386131568216276e-11
1.003202464036395001e-10
9.326535399827824750e-11
9.295272330143869131e-11
9.333699657776648604e-11
1.006144440858382336e-10
1.002652533223664110e-10
9.985748451238309743e-11
1.010438396474808141e-10
8.854821954637642734e-11
8.620389044285283518e-11
9.622105685435846570e-11
1.044159300517260749e-10
1.091722527404954486e-10
9.780555809361494200e-11
9.935567319513190305e-11
1.052186137293734524e-10
9.121010294686303118e-11
1.058127233637538465e-10
1.127235172706217733e-10
1.049719776950790653e-10
1.084219584642457014e-10
1.096598542050906754e-10
1.206498298464501885e-10
1.151450478078499718e-10
1.162076260910012975e-10
1.331398956427834062e-10
1.261719793545901506e-10
1.385307013896343249e-10
1.238847270552069239e-10
1.297772969964164212e-10
1.297336274115383627e-10
1.314253895431344670e-10
1.302041709663801850e-10
1.375562055670143845e-10
1.390842467644576858e-10
1.308260734462509676e-10
1.313638122023974500e-10
1.346259447859198767e-10
1.388471291274752865e-10
1.558836217237931676e-10
1.590373778225639678e-10
1.578567816435443528e-10
1.474616299660472841e-10
1.610156878563747131e-10
1.759877448417362717e-10
1.424042746467872997e-10
1.705573428029048591e-10
1.516564970827548289e-10
1.548928037503095456e-10
1.723741550042871440e-10
1.731777244925896426e-10
1.615983645925143603e-10
1.999971530532453692e-10
1.957401502722171361e-10
1.744722260184251106e-10
1.791587721825935742e-10
1.845513960457609012e-10
2.003522340661807000e-10
1.800690393433693924e-10
1.961613770997658767e-10
2.101373295411580101e-10
1.958101785146715248e-10
1.935366055062229895e-10
2.030654414832066551e-10
1.848758250791820703e-10
2.162006236051958043e-10
2.151500863235270486e-10
1.968524770793016236e-10
2.168411754395915502e-10
1.798413024606039289e-10
2.198312772304160829e-10
2.145305165764391325e-10
2.201506810949104798e-10
2.373337674735749687e-10
2.442612549514335887e-10
2.295886085218985730e-10
2.289197424888579672e-10
2.413855546401039833e-10
2.366956067683667049e-10
2.492202877882251725e-10
2.504082797168350416e-10
2.327059844124279094e-10
2.543899582730753018e-10
2.506708887538599120e-10
2.599613489554501943e-10
2.579330466619874440e-10
2.793433473414292295e-10
2.773885371998075837e-10
2.503817669906749454e-10
2.687994657477236978e-10
2.777524095746515595e-10
2.580150441540262644e-10
2.944162125296975780e-10
2.929006245553270220e-10
2.964380270986827936e-10
2.768674089447959238e-10
2.780983145492155606e-10
3.064565671751714015e-10
2.782735682483175040e-10
3.284652365510554914e-10
3.143569003641625759e-10
3.121011508136427598e-10
3.207784619101789456e-10
3.215604992965007543e-10
2.995486548402007204e-10
3.115496295079870578e-10
3.463401271221912157e-10
3.461987366422642295e-10
3.281705673506706453e-10
3.431590256061862128e-10
3.229378879655892807e-10
3.439964601410001730e-10
3.415453349018075361e-10
3.523229227339175476e-10
2.844721284488431816e-10
3.396070541863650292e-10
3.512313281007953464e-10
3.473240317809977260e-10
3.683783555436053003e-10
3.278707374465863664e-10
3.531193359967060592e-10
3.513382046743755079e-10
3.435764411716976970e-10
4.027930149626435426e-10
3.465220609235027279e-10
3.461055933173190876e-10
3.942299024693157582e-10
3.537472893231222593e-10
3.555919400400351462e-10
4.068886495237232709e-10
3.986399363788546089e-10
3.536813806918647813e-10
3.405334875599182617e-10
4.089471177409339316e-10
3.751758735809189463e-10
3.575890536445006102e-10
4.294931944523490981e-10
3.592016492757648778e-10
3.641960807695176506e-10
3.906330529848092392e-10
3.591810762781491695e-10
3.920096963174525879e-10
3.521960914087694797e-10
3.692492141335148251e-10
3.486103874443541831e-10
3.841946818682293998e-10
3.644839421909362190e-10
3.594106411519979058e-10
3.630378849401948495e-10
3.341167496663315000e-10
3.912757770998546103e-10
3.424467024575965863e-10
3.753077467452123891e-10
3.698604209391573572e-10
3.316976096514604234e-10
3.361531351299232724e-10
3.678399573120691251e-10
3.249966980251204501e-10
3.228091768617691025e-10
3.429364537716542994e-10
3.299777951768573487e-10
3.424641415820834349e-10
3.407837148731956845e-10
2.907032279438974741e-10
2.875528350845619178e-10
2.998013602604032790e-10
3.002294803120631050e-10
3.009593595631541886e-10
2.974483513341915939e-10
3.013153297490260402e-10
3.259394742064967553e-10
2.921051140195147903e-10
2.534313590872139301e-10
2.679688952061805532e-10
2.679197873733172124e-10
2.672081326741421001e-10
2.620975375357615981e-10
2.379612019514880613e-10
2.654395843981652834e-10
2.530110628117530152e-10
2.580889399141750155e-10
2.481774370487347447e-10
2.192137561266242218e-10
2.119228567638051336e-10
2.163725559646161089e-10
2.024014204456672453e-10
1.899152384129122308e-10
1.985674654958457629e-10
1.957207863239517146e-10
2.016293096561697979e-10
2.142711858776385324e-10
1.604228993935550871e-10
1.686944738814128789e-10
1.626856219616589657e-10
1.806497263126531538e-10
1.641919749364124162e-10
1.457276232964864002e-10
1.495731360739498509e-10
1.414935718031689753e-10
1.357411612181495828e-10
1.384470250718603649e-10
1.253643713086117972e-10
1.291637950069150455e-10
1.359821069477645653e-10
1.160318161988271682e-10
1.199195080885890644e-10
1.067023752218439578e-10
1.084108812503268916e-10
9.723864852633223195e-11
9.452065759313251904e-11
9.793222539889929725e-11
8.348730718501183346e-11
8.270069792480350342e-11
7.211991502126401037e-11
6.883325613992759341e-11
6.917367193240735506e-11
6.808430178803427105e-11
6.385118687495732799e-11
6.455066526893724083e-11
4.965275148736404682e-11
5.777262207851695249e-11
4.605468002891962262e-11
4.929071669626670967e-11
4.465469687364016048e-11
3.854971777828281628e-11
4.236449181706773900e-11
3.576830156928947046e-11
3.287944078297100798e-11
2.910310858276711646e-11
2.638771322047754782e-11
2.539750212499684879e-11
2.086163074747967343e-11
2.014498886218960524e-11
2.023829104356905524e-11
1.517336655329739479e-11
1.679337287026485669e-11
1.321068676023144331e-11
1.035689147082883024e-11
1.082105483870940085e-11
6.877793496499792428e-12
8.022765356344031310e-12
5.091635930473039283e-12
4.774271731550565852e-12
3.987147235783529598e-12
2.236082135784172472e-12
2.706048576948162360e-12
1.177990560466799176e-12
1.053143809601300512e-12
5.754865823359530913e-13
1.500687190123125868e-13
1.470037815042377946e-13
2.688001221522707117e-15
5.842042763702322767e-14
1.433170018727560153e-13
7.486767808839812188e-13
6.476342259843686109e-13
1.516342678091291996e-12
2.133112732173804181e-12
2.434780731991928573e-12
4.590918445351451656e-12
4.033842554091317264e-12
6.386283173467668859e-12
7.538421658729741720e-12
8.246998708018863296e-12
1.194159449366188283e-11
1.020795613433853614e-11
1.447352643456721497e-11
1.570517608800443406e-11
1.718145588588079539e-11
2.102614025562823105e-11
2.073809108548742389e-11
2.761543057752435522e-11
2.585451321454866354e-11
2.965519618090195398e-11
3.348154177239525929e-11
3.484825085214370112e-11
4.397222612279868752e-11
4.156749413718924806e-11
4.661280190463292203e-11
5.424123536578473438e-11
5.203143674556411878e-11
5.416619000046651355e-11
6.238932304394364115e-11
6.566886967928077486e-11
7.604081203399395030e-11
7.569118080099209556e-11
8.408191970213154293e-11
7.834276068718639564e-11
9.506376215786304447e-11
9.807463807863757190e-11
1.004094871845990151e-10
1.202723578144896963e-10
1.083196264698524669e-10
1.462529521629919172e-10
1.216186486426817871e-10
1.227253475033188345e-10
1.407296274597018638e-10
1.568126212217872138e-10
1.543085350000087588e-10
1.543473963915535020e-10
1.696950151258220980e-10
1.811861825548920931e-10
1.858997007341476159e-10
1.951886747814580722e-10
2.001422675530038339e-10
2.024767161175634057e-10
2.198526528508388584e-10
2.251940676690869347e-10
2.442056621713119669e-10
2.391141056934446877e-10
2.541793145432706675e-10
2.674095300817196388e-10
2.729169842839459691e-10
3.113910587488031042e-10
2.895053879576582956e-10
3.242430466969474070e-10
3.389825601396393382e-10
3.302468325335216241e-10
3.517586450342098073e-10
3.789621438473851763e-10
3.852569670775749461e-10
3.665103907546044982e-10
3.801602023064687198e-10
4.426935778703450572e-10
4.025357904171782019e-10
4.383821918209183067e-10
4.355631385968924782e-10
4.728489644319377641e-10
5.204998125569212488e-10
4.946399527369410323e-10
5.095596147662143441e-10
5.357771132652785456e-10
5.370087727762824099e-10
5.659666280499226797e-10
6.116811013329599295e-10
5.846408252810430026e-10
6.078803682164982705e-10
6.726035834895427439e-10
6.268865129753355321e-10
6.559704622018693243e-10
6.763630354280590443e-10
6.723521727704450152e-10
6.936466685850242566e-10
7.624687596745498332e-10
7.114544438040509063e-10
8.596152408076285109e-10
8.154141155725273828e-10
8.010726841352631888e-10
8.860858299595963858e-10
8.800370253972840697e-10
9.167826450135025940e-10
8.905891116598533820e-10
9.635460822783765169e-10
9.176350774060409572e-10
9.773101644949179551e-10
1.059254382432482280e-09
1.116190476336186818e-09
1.073920032505431309e-09
1.031577301012369225e-09
1.129110511831873191e-09
1.182427316236024921e-09
1.163593084476898324e-09
1.202994340337932332e-09
1.267887148386435296e-09
1.333966914139592685e-09
1.162041715464916181e-09
1.380774382544992639e-09
1.312555294974954722e-09
1.472002655366593443e-09
1.393606656469352766e-09
1.459420825528298716e-09
1.480709403757294807e-09
1.431654839120407534e-09
1.626829206177389167e-09
1.549816997477146907e-09
1.719603247074246187e-09
1.535020695681382413e-09
1.640974437705539636e-09
1.637612188989793609e-09
1.798071535445967902e-09
1.701118237615414930e-09
1.866279518497764138e-09
1.753860654368390633e-09
1.774101103284204656e-09
1.735226572367170714e-09
1.759102395649011775e-09
1.871022200006449006e-09
1.989388632250635394e-09
2.065054706089692779e-09
2.046805013059506362e-09
2.006453365852502505e-09
2.118581617797682199e-09
2.074895966126469506e-09
2.075142018891353642e-09
2.241672781687986687e-09
2.203195418072689718e-09
2.271331549885126462e-09
2.303672274680419255e-09
2.378946252146244160e-09
2.212442104264832510e-09
2.343931477229489406e-09
2.527103963099214094e-09
2.644677440457369442e-09
2.505684238468948908e-09
2.709860558536537585e-09
2.490874429588780588e-09
2.731493091601816600e-09
2.626681597128232777e-09
2.694042011278423347e-09
2.634047052277487866e-09
2.617521422628672445e-09
2.647189407484572599e-09
2.780723911806670958e-09
2.783880585919006477e-09
2.658544087636798368e-09
2.940859340562654532e-09
2.777277261387494917e-09
3.036069749591347718e-09
2.966731900999941767e-09
2.988456152993573927e-09
2.934729932476492889e-09
3.075704442326676222e-09
3.108343680885864419e-09
3.303709823285337210e-09
3.203774272186423841e-09
3.251662040764683713e-09
3.283408451302722465e-09
3.143612182867245255e-09
3.337621507289525386e-09
3.093665359040653853e-09
3.110702951913533176e-09
3.358364883781552740e-09
3.163154059008088098e-09
3.358480744567778357e-09
3.522346235039670156e-09
3.502328287406128974e-09
3.309721219247598250e-09
3.457099438082211085e-09
3.438671400860854834e-09
3.564384249270341252e-09
3.339019089151096171e-09
3.629884926237430143e-09
3.499181010035767351e-09
3.436376789374192007e-09
3.458789110267268023e-09
3.393667143373690048e-09
3.218664069388162897e-09
3.438944809942380501e-09
3.701385633486165046e-09
3.483323052542122129e-09
3.258079072969191874e-09
3.272719388101652979e-09
3.682987362336203457e-09
3.406918389847866722e-09
3.539996081958409335e-09
3.577378568538860251e-09
3.420051662450312404e-09
3.201912566260400235e-09
3.666470230572604660e-09
3.543549172530332315e-09
3.462745221366693933e-09
3.457236191824772974e-09
3.348895836065120813e-09
3.444492372712448451e-09
3.601554341952320920e-09
3.287168934133739492e-09
3.421186503021529862e-09
3.565604570961851056e-09
3.413438119217504979e-09
3.508732380993473275e-09
3.112185437376095144e-09
3.567329316180460636e-09
3.307603337359294988e-09
3.423924274228675605e-09
3.067138982070881223e-09
3.394890760832432096e-09
3.492246276071936183e-09
3.375736753715245704e-09
3.260569451055936451e-09
3.286334489454371100e-09
3.153814092003520894e-09
3.334704238780319230e-09
3.265108579002308502e-09
3.270200206646777759e-09
3.074321095903782300e-09
3.173195489129695703e-09
3.287656812752214622e-09
3.316536729888361965e-09
2.873921037901599556e-09
3.258324021671191966e-09
3.186749607136809127e-09
3.086212809827796860e-09
3.135750020869731754e-09
2.824176963397183383e-09
3.067270088958836950e-09
2.893469886569081532e-09
2.831316182367561770e-09
2.939958300514016366e-09
2.816032018172440955e-09
3.011109104151136089e-09
2.654817064483581005e-09
2.921913950879602266e-09
2.638002662355205767e-09
2.754622797098289919e-09
2.809764305802794575e-09
2.673047859584544368e-09
2.867424504927932425e-09
2.720236818606322270e-09
2.514402385924527464e-09
2.594887360259636430e-09
2.590208470401883530e-09
2.545547996282244954e-09
2.523480589412341526e-09
2.476227410611604193e-09
2.496475176460609220e-09
2.409270200078211536e-09
2.313738044599574058e-09
2.401048681634290938e-09
2.337986802270477525e-09
2.432282884858900906e-09
2.186430898724421470e-09
2.231260315417877442e-09
2.106512040544626455e-09
2.357670666831852421e-09
2.169599044316410724e-09
2.208337388295708914e-09
2.225243754077308500e-09
2.122873102683801442e-09
2.173360054550359060e-09
2.019716806418804450e-09
1.938001933273753641e-09
1.979117867414638630e-09
1.926486775534300193e-09
2.066039956087819369e-09
1.909259677512834475e-09
1.952161743096874366e-09
1.744069685209631451e-09
1.823211184358130964e-09
1.724214594173343904e-09
1.776896479479805728e-09
1.631480204314253850e-09
1.611186462355626797e-09
1.603108886461404964e-09
1.686802190383574240e-09
1.641298802465364810e-09
1.548143954359774335e-09
1.558432422375405456e-09
1.468933042535631499e-09
1.453514596330014996e-09
1.369736778809359323e-09
1.458009071079374547e-09
1.397683684142418072e-09
1.442293256783923055e-09
1.421340075409426277e-09
1.336975951712424775e-09
1.346120808798849988e-09
1.216735959972007870e-09
1.247512047424766928e-09
1.187059076761492435e-09
1.243974155975111316e-09
1.140920933556540418e-09
1.165812445435215871e-09
1.160429927949658929e-09
1.067079801933822684e-09
1.085027140872380660e-09
1.027745800851622143e-09
1.029521513287570287e-09
9.712222802056814633e-10
1.062329068300145893e-09
9.424619762001268610e-10
9.096671180205746975e-10
8.762444622269460682e-10
8.413892492226057297e-10
8.455799326985230876e-10
8.303627706280576100e-10
8.022303794827833675e-10
7.857110632071358157e-10
7.644202466907351365e-10
6.965756186317296507e-10
7.087559651880573998e-10
6.747592018596851422e-10
6.614804559428157422e-10
6.456888274297975630e-10
5.996803468565490107e-10
6.047859010293339105e-10
5.488990324043843510e-10
5.814294008021085016e-10
5.454920918075211080e-10
5.386064064425381330e-10
4.806841352176701519e-10
4.705503996161265882e-10
4.547541257331352206e-10
4.303008060893023314e-10
4.013964914151216260e-10
3.872049677113397024e-10
3.904918963047756494e-10
3.235368169851266910e-10
3.413038180559179463e-10
3.002938895856174753e-10
3.254930291375933159e-10
2.717658572208114330e-10
2.748495852466050287e-10
2.497079613512870257e-10
2.558522496536901289e-10
2.334257016488765665e-10
2.104906916922248094e-10
2.024816295826640444e-10
1.742928955335090552e-10
1.828209502990116656e-10
1.385950527989542163e-10
1.498067127362079733e-10
1.302758364090170719e-10
1.275734613930481350e-10
1.033643457696171394e-10
1.044990468527895488e-10
8.780337592707298519e-11
9.108145093534248511e-11
6.802545614070150665e-11
6.640980532421994592e-11
5.903328176536966006e-11
4.407608165542035570e-11
4.516225119548621396e-11
2.796889115847218684e-11
3.437758171465644329e-11
1.922989087802194631e-11
2.184588451082465673e-11
1.221539675963094907e-11
1.141687582329842943e-11
7.558332636170273312e-12
4.463766143202494956e-12
3.126070339526374821e-12
1.065601250769071112e-12
5.654448545297051879e-13
1.516149084956307520e-14
4.649315968351917633e-14
1.873555342950145311e-12
1.221936392285148438e-12
6.810281749446993953e-12
4.226070021498513771e-12
1.540529102234857904e-11
1.122294031504335422e-11
2.010591570264120381e-11
2.229588988373255194e-11
2.908613121821340805e-11
3.726184238861712847e-11
3.749190602598373955e-11
5.505355424279495459e-11
5.779358014198363949e-11
7.216423011420418576e-11
7.486338105315048440e-11
9.250384591210314268e-11
8.898689414975141917e-11
1.170565953660551702e-10
1.072048685214428654e-10
1.565690140242223507e-10
1.472225118941904286e-10
1.711313781716130827e-10
1.753655505834095693e-10
2.042914895484947269e-10
2.095160407958646975e-10
2.262849016400201662e-10
2.497019584635280598e-10
2.383633080567127061e-10
3.004930084682396921e-10
2.922300460848012342e-10
3.317713440732473947e-10
3.273944618806288908e-10
4.123338592616384144e-10
3.507908389380060289e-10
4.339344828435062209e-10
4.141050045420736504e-10
4.775057308189251865e-10
4.855134197831177369e-10
5.350975713442328849e-10
5.186947896784409106e-10
5.247358287367954507e-10
5.631276314694345432e-10
6.080283324332429928e-10
6.594945903037736422e-10
6.224771948551312274e-10
6.769931993348564620e-10
6.956154245534739594e-10
7.931472123131515181e-10
7.453397640183807556e-10
8.563292867981781537e-10
7.848727337629041236e-10
8.947435231072313022e-10
8.609806475550442150e-10
9.350954968332006701e-10
9.674196105122322921e-10
1.039022617353592467e-09
1.007047574161324063e-09
1.119647466709109140e-09
1.065736302695403328e-09
1.184544788190425946e-09
1.149129598434014563e-09
1.171096951377255801e-09
1.262835434030452698e-09
1.273777059984685013e-09
1.399200435753090522e-09
1.227062755599526104e-09
1.340650279973995844e-09
1.470010770254005133e-09
1.650537985700809737e-09
1.468870857142773222e-09
1.539234527580309336e-09
1.429121128535106760e-09
1.554309046946697780e-09
1.555121242345241958e-09
1.754886409905174764e-09
1.549739749344462042e-09
1.731586688816422989e-09
1.629061263979221185e-09
1.786191960042729520e-09
1.777692203623779589e-09
1.777167570480906168e-09
1.867065872493850546e-09
1.980313562139461189e-09
1.929415779921744124e-09
1.923542551360237455e-09
2.038762926624450168e-09
1.894127810849567757e-09
2.092063717502461666e-09
2.015491734750881335e-09
2.089797349618676297e-09
2.033673873683153760e-09
2.183348653610654848e-09
2.148939293782370377e-09
2.134494791451745583e-09
1.970351378883971919e-09
2.259553480916482940e-09
1.924320462739364327e-09
2.275984089963487063e-09
2.131079412524087154e-09
2.112943652886357278e-09
2.112199110594106936e-09
2.343970828544343170e-09
2.149857333899228238e-09
2.187105786800117531e-09
2.125414259520593370e-09
2.272984558720655363e-09
2.169649083820555225e-09
2.051612377251121624e-09
2.119291534950599473e-09
2.131975695934512122e-09
2.128239307042012998e-09
1.927709669766293077e-09
2.068435405643831943e-09
1.980825502786385486e-09
2.019439115326067664e-09
2.002100424734496193e-09
2.006128657478976217e-09
1.833496458515514453e-09
1.912973823326112599e-09
1.815528784358024404e-09
2.015264472946314136e-09
1.876203229463766840e-09
1.848999448925928883e-09
1.702566583221580741e-09
1.756742094699073969e-09
1.679266125892473636e-09
1.731304954494243012e-09
1.539599825960582805e-09
1.670417952342372500e-09
1.482001187828398165e-09
1.637987633951340907e-09
1.486863962720976952e-09
1.549090603453279560e-09
1.371662078295864172e-09
1.444725571677395877e-09
1.274926523653736039e-09
1.369389153726224805e-09
1.195360834248060143e-09
1.236335984216002863e-09
1.136822777274299454e-09
1.198078851849206832e-09
1.039421608324322797e-09
1.071971325123244720e-09
1.003573874770288712e-09
9.098838388229726625e-10
9.726599759171160540e-10
8.952249652096681860e-10
8.045739230977244259e-10
0.000000000000000000e+00
