0.000000000000000000e+00
0.000000000000000000e+00
3.045760160624321399e-18
5.776017029087548328e-15
1.058331038781249139e-14
1.591536319928646441e-14
1.112727624649510078e-14
7.287794470897705590e-15
1.886718463882333329e-14
3.012223324391208866e-13
2.607429328538144474e-14
5.031989319260748419e-14
3.164023711641487806e-13
2.408849812401704420e-14
1.404848574777551425e-13
1.697942444981959234e-13
1.782022032970338749e-13
1.763761060564078042e-14
2.314120823914722866e-14
7.687788855966059852e-14
1.044812964965927048e-13
2.876714970969894909e-14
2.937295478561542377e-13
2.885045206690343995e-13
4.897236706096711032e-13
2.911568717349917094e-13
2.916379457793519556e-13
1.057570452002973792e-13
2.065411410536907181e-13
2.455133401927671216e-13
3.644911513631303410e-13
1.722832853806090613e-13
1.649201393913019434e-13
3.459116872188317496e-13
5.765027845702060509e-13
3.887689213734619790e-13
6.915025380929558015e-13
3.159675744730342806e-13
1.942780695778446109e-12
1.833690949350287775e-12
7.487763993899735925e-13
1.272891786656911371e-12
1.333216105043216008e-12
7.667955901947725827e-13
1.512918429947884312e-12
2.287713527614386487e-12
8.931987332550829224e-13
6.714752209921795266e-13
8.815426112638790353e-13
7.555169143490334472e-13
9.469989667163573942e-13
1.264020063682433012e-12
6.439347647432136411e-13
1.934548244383685041e-12
8.579370787216527945e-13
7.876162115267845126e-13
3.429016861952548576e-13
1.569935861447054119e-12
1.049481316354374320e-12
1.169488476188696129e-12
5.336478052056092497e-13
1.102290341756811114e-12
1.872406544221078874e-12
1.410304177053776315e-12
8.187541550787780838e-13
3.152161211366766260e-12
1.497295496903126783e-12
1.691855740092916563e-12
1.485866714754734941e-12
3.392484110823302527e-12
1.157766818549865917e-12
1.047005653893155958e-12
2.274670256826702797e-12
1.940675819879141902e-12
1.392455616808688287e-12
2.998929110421977220e-12
1.433828658458857783e-12
1.360729950956833268e-12
1.536667435654245912e-12
8.351212037638473468e-13
1.789722179331585819e-12
2.454586017480738877e-12
2.428012118757867589e-12
2.077692357240193104e-12
1.910628444124115877e-12
1.999538391112838208e-12
4.503504551499022670e-12
3.278162178125536964e-12
4.518022597114913632e-12
2.492685988696112516e-12
8.184614776676131391e-12
3.348640094691000756e-12
2.753817659563692535e-12
2.138376878116206094e-12
3.709227863217709959e-12
3.501482219629248975e-12
3.709591251793610360e-12
2.921439093151912674e-12
6.891995905775240309e-12
3.287463021694415362e-12
3.411995849388512416e-12
2.877090703500698441e-12
3.382317717814714158e-12
6.580301661158228927e-12
3.343234669369020038e-12
3.716076910423966786e-12
4.828862688524036695e-12
2.586317580359752366e-12
4.302242914946654968e-12
2.535212893203788885e-12
2.728733051734612658e-12
4.516949310705627612e-12
4.416275770565814946e-12
3.652682449135190690e-12
4.548747483898664168e-12
5.294084540084822072e-12
5.398272293497214827e-12
4.834278180193066172e-12
4.342652547792079792e-12
3.395608588193037100e-12
8.453968483938880137e-12
1.042612672002480493e-11
6.722966665618625269e-12
3.956388531447876332e-12
6.629343343700713904e-12
4.059995856986916849e-12
4.842719347028652348e-12
4.270548620991313345e-12
5.576343196408859869e-12
4.779339318302957670e-12
4.873993361028439468e-12
4.025352536717966020e-12
4.698870433118325745e-12
6.722186411404732499e-12
5.190694681657868346e-12
5.882275619277744006e-12
7.582314538737436372e-12
6.265860533231918512e-12
6.521509059060708636e-12
8.031240598054305561e-12
7.427873724279622686e-12
1.046441482907214250e-11
4.113402496942395176e-12
6.423146006250505342e-12
7.516198902367423218e-12
5.190319134089995532e-12
7.051804934814639249e-12
6.278361523718965408e-12
8.613527462114109038e-12
7.290699946005359025e-12
5.370711185786671179e-12
1.029840173050846066e-11
8.263178980331860573e-12
9.225144228650726923e-12
6.167339847810711177e-12
7.640845994004012718e-12
1.039958302880973554e-11
5.673840301970622258e-12
1.316954695488830463e-11
5.060829189334628327e-12
9.637996635143691213e-12
1.255462954192968984e-11
1.074199037755978408e-11
1.117920145291632369e-11
1.114318113114085965e-11
9.568491080415979166e-12
1.052812127872740358e-11
1.072900838240608731e-11
8.847664657201726576e-12
7.209579225343194751e-12
9.528810392526413366e-12
1.092220449286765034e-11
9.009049639161780870e-12
1.016094965746821070e-11
1.385721444402364494e-11
1.272041055064729330e-11
9.132071314851275263e-12
1.504446348692622816e-11
9.879733413077053696e-12
1.015777903153102897e-11
8.838602107130168767e-12
1.015594756424541083e-11
8.782297745615278104e-12
9.891731402502628783e-12
7.707007251096874937e-12
1.403854277280775051e-11
9.356191527177144232e-12
9.528710929442895138e-12
1.586700689645497540e-11
1.670605032420168031e-11
1.498188831185152789e-11
9.719026401384806953e-12
1.617276893831345474e-11
1.495270612488955987e-11
9.065575343284268404e-12
1.881725325431257910e-11
1.770784760458940579e-11
2.435123715996036642e-11
2.932501801118917869e-11
2.271957593769719017e-11
2.264747627819862202e-11
1.368426465634347318e-11
2.150300649081174932e-11
1.836842787886583334e-11
2.498445805828255022e-11
1.243627980873115701e-11
2.380469610660738091e-11
1.299894175517381454e-11
2.004539518351691314e-11
1.818249668503755544e-11
1.809391807160793568e-11
2.890391712792747322e-11
1.604568836762915061e-11
1.330778135501088328e-11
1.833721789791031689e-11
2.033247169373874144e-11
2.006272367270610463e-11
2.659585097117103645e-11
1.930836620530458596e-11
1.910291702954686668e-11
2.241843207980448372e-11
1.775721821322919194e-11
2.473187788365359907e-11
2.028605430636981946e-11
2.089086174074965527e-11
1.799379304685840474e-11
2.304751098629070756e-11
2.303463250703138639e-11
2.658068999347055401e-11
1.907321321003671743e-11
3.230496922124742667e-11
1.736094566516928414e-11
2.597743276888985178e-11
2.069108636862224963e-11
2.519859509100756212e-11
2.755014882640514300e-11
2.546273829707522106e-11
2.114987688928606850e-11
3.221197634054839173e-11
2.356475509315350912e-11
2.278310308486604154e-11
2.268698079016699708e-11
2.656119204369745384e-11
3.095058283777865768e-11
5.487686504689481585e-11
3.540830921107382567e-11
7.630437523856223251e-11
3.850734657070407176e-11
2.686486925324328752e-11
4.046610484950944532e-11
3.453516741959796360e-11
3.820971061533001945e-11
5.070699930173783045e-11
4.541155634750531045e-11
4.786133180478552724e-11
3.882080140643762232e-11
3.484733892082399383e-11
5.250746478571847313e-11
3.355820803935326416e-11
7.047652795825601782e-11
4.842021043609108360e-11
4.321430400902632574e-11
4.194030084987746439e-11
6.295871354210112031e-11
5.868306855324045445e-11
3.693290299007848957e-11
4.009353552186700685e-11
4.496033792774773836e-11
4.365729289036853404e-11
5.790480385119806854e-11
4.627266021299396352e-11
5.874344504342514727e-11
6.022013551586713738e-11
5.656050376192395526e-11
6.178241852966076042e-11
5.854623196590436819e-11
5.162198770702113381e-11
4.985324234108806622e-11
6.964723620436893599e-11
7.311279927248796357e-11
4.634289819516761504e-11
8.386179450034897371e-11
9.172418603681423586e-11
6.925606376622458488e-11
5.407118228760139095e-11
8.292537939642604324e-11
6.469343566943871467e-11
6.102319483164479817e-11
7.013896607315703001e-11
6.265549884068755976e-11
7.783086087025349338e-11
7.655675230582817992e-11
8.926832482488771407e-11
1.010874023432403363e-10
8.766240584465616959e-11
9.097357264795753878e-11
8.055172454768312951e-11
1.620245741938048927e-10
1.305860356056672057e-10
1.128696145387439645e-10
1.180408669171496447e-10
8.205763617536663683e-11
1.232875409247795464e-10
1.051615745456397189e-10
1.436792969445233128e-10
1.460570327015697760e-10
1.226274528477113873e-10
1.181740949259108375e-10
1.495798856613365028e-10
9.669227998951538440e-11
1.362643920074462592e-10
1.387501876365081890e-10
1.840589547372925361e-10
1.712562696363115263e-10
1.534268177439747973e-10
1.729993142000388471e-10
1.470255112993703980e-10
1.671999699284394909e-10
1.823718772579037001e-10
2.073104594841253083e-10
2.156672403112752763e-10
1.600639636022313081e-10
1.813211021135562108e-10
1.916046783337650914e-10
2.368848345078982010e-10
1.845402158363300490e-10
1.608830000604088622e-10
2.353972317800693619e-10
1.818323617068132899e-10
1.675484917657452821e-10
2.421809092415204139e-10
2.177072844700845703e-10
3.189716199606499483e-10
1.775032627348976973e-10
2.589580986101913670e-10
2.754294737125392719e-10
2.342402114177849482e-10
2.388980782813883482e-10
2.451478613210664333e-10
2.570205474290893903e-10
3.444384846459241234e-10
3.079779135103796755e-10
3.013552145590983781e-10
2.743748013826463882e-10
3.283679548776410283e-10
3.195421076493599134e-10
3.856866632799531594e-10
2.570782911769611602e-10
2.967922049696121404e-10
3.767920263747264838e-10
3.518054974061690256e-10
4.676860423207996592e-10
3.255556243506533053e-10
3.933841176436441316e-10
4.088786240064037430e-10
4.056176503512038966e-10
4.695737983835286455e-10
4.907062740859444394e-10
5.011738863786748257e-10
3.733798590111156112e-10
3.850038103255641534e-10
5.036380243952085713e-10
6.089543889486732573e-10
4.744713982042059324e-10
6.454778383989746801e-10
3.527356247448152620e-10
5.513835857711919185e-10
5.341359322156845860e-10
5.390787795521163442e-10
4.923084867256628515e-10
6.703887355080713391e-10
7.509133117558377839e-10
7.848956068700015381e-10
4.735365822226364422e-10
6.239295076285110523e-10
7.451749544678328048e-10
6.118690523226706182e-10
6.658005550208152841e-10
7.508202652214968825e-10
6.174496527789805435e-10
7.149375776115573281e-10
6.361831458474580342e-10
7.253724091783955479e-10
7.224602445453128387e-10
5.587287978373509947e-10
8.075361596565737808e-10
7.204099707635507446e-10
7.355176997788319121e-10
6.878688586549657693e-10
4.858437359869845046e-10
7.016776695104421110e-10
6.361850780446712343e-10
6.571004726247221078e-10
5.512841546432957149e-10
6.114916556471444989e-10
5.741177558384424765e-10
4.988913561310918966e-10
6.822681051650232541e-10
5.344371221183684577e-10
5.953581464528509369e-10
6.945164271381766780e-10
6.398509124975023275e-10
5.850310188994063023e-10
5.733558206465357037e-10
6.615574367928082927e-10
6.745979800682532823e-10
5.818044329464397613e-10
4.952841912326006715e-10
5.613604976876916305e-10
5.976642118395017409e-10
5.166854581991966235e-10
4.229751971237361990e-10
4.828228500846236498e-10
5.560190682463326428e-10
4.163860501575622715e-10
4.773537238002667099e-10
7.599739605517484666e-10
6.807092746581872533e-10
5.811949298793330386e-10
5.162020456160632820e-10
4.806987510117982461e-10
5.127978566908391519e-10
4.659500897911776511e-10
3.662682733509272362e-10
6.984854405789926058e-10
4.562576356082485951e-10
5.497639839139916171e-10
4.840851790241695143e-10
4.917683390521782972e-10
4.731030849587469943e-10
4.222043499875414616e-10
3.204489231351642018e-10
3.913242139237488515e-10
4.204335415307389442e-10
3.063359869705046933e-10
2.889796676087012895e-10
3.146611143780032764e-10
3.015978658360595429e-10
3.392055708864858687e-10
2.453300902875138748e-10
2.883933149060643934e-10
2.030581872692380755e-10
2.879786877284222220e-10
1.943414739776993227e-10
2.058635200090991839e-10
2.091753840175833196e-10
2.055128212210578566e-10
1.771881537409950596e-10
2.014476583102783607e-10
1.695103786173694973e-10
1.592021153482887555e-10
1.041419989511458589e-10
1.345710782447614207e-10
1.436882139779528837e-10
1.503941198347957568e-10
1.131280812439186686e-10
9.487614728077213036e-11
1.062696660264851208e-10
1.073644420062729468e-10
1.051766293060378707e-10
6.756781107125235773e-11
9.882678479403123416e-11
1.170208399808125057e-10
7.994023036999834132e-11
7.561278911442625813e-11
7.944402891329494610e-11
6.642860926790168811e-11
4.760734175732070632e-11
7.153555042003905405e-11
5.483517437809751209e-11
5.311572779803322526e-11
4.181870958175933202e-11
3.931456637550638447e-11
4.367491782839233940e-11
2.671818182883858232e-11
3.013519403520585704e-11
3.536376455774123899e-11
2.274666460253946969e-11
2.226025925432423072e-11
1.827002574282694724e-11
1.613739759314604820e-11
1.374453565056669488e-11
1.098587258330338135e-11
8.191455048433500345e-12
1.010143227039240184e-11
4.459429976124116337e-12
6.201743263262949364e-12
2.086281000869725124e-12
2.671585961069968724e-12
1.262086603822835177e-12
3.107877286554477257e-13
1.946714425483249700e-13
5.046637576589336941e-15
9.556307847187522476e-14
3.159843060721550015e-13
1.497124037250870097e-12
1.205642808126567166e-12
2.593628853103209133e-12
4.012106082929821986e-12
5.316567380162274192e-12
7.869472381084290795e-12
7.796391770012587478e-12
1.236371734270843383e-11
1.371268263342138404e-11
1.487800667654217327e-11
2.187724803568804591e-11
2.388915009463490160e-11
3.431137208849795285e-11
3.296642866101958556e-11
2.347892250765728294e-11
3.628966776639298976e-11
4.193080899429903826e-11
4.820705723526847551e-11
9.481782077905702527e-11
7.325954641419459001e-10
5.371216717445873949e-10
9.123703550966826829e-10
2.392800538042548606e-10
6.125711949458959086e-10
1.203549789435056725e-10
1.367865815545138206e-10
2.725157787655129912e-10
2.312496040146760520e-10
3.336430234134777494e-10
5.002570856324821782e-10
4.253288825168122433e-10
6.339793594514635100e-10
3.411844122039909517e-10
5.108862894386481430e-10
5.222228138683109496e-10
3.311898710730641450e-10
2.218736370680110012e-10
4.684145991547161849e-10
4.058195321031363575e-10
4.984429337343142276e-10
3.563639087073493402e-10
4.984485152728056885e-10
8.370646172105298465e-10
3.868342158149279548e-10
5.109571474578247718e-10
7.140266385305351365e-10
3.770765744074465819e-10
6.608566735404736262e-10
4.022408306329834455e-10
6.253055560911689298e-10
4.759716120138060439e-10
5.929798746941801762e-10
4.838452151011060007e-10
5.714387334569957868e-10
7.048428061280498822e-10
6.889067684652913153e-10
6.002150506166877505e-10
6.793521600729035034e-10
1.070900312378853392e-09
1.256845287171604132e-09
2.935225800538999481e-09
1.883692353170219805e-09
1.531987084825800873e-09
1.402831698269086650e-09
1.400829669863710609e-09
9.508382817748721203e-10
1.043992646325624063e-09
1.721004962807349381e-09
1.319929478746224944e-09
1.224217063748841546e-09
1.196249239083633400e-09
9.486158420535613343e-10
9.714629824507999931e-10
1.531811931025062297e-09
1.345993777904732180e-09
1.267972648951887855e-09
1.451052222440911588e-09
1.246155185560402583e-09
1.672030355141036253e-09
1.896135322848895091e-09
1.661575613384605985e-09
1.698029416866870498e-09
1.453007758425043233e-09
4.166085721069595397e-09
1.952393049380429165e-09
2.166722275172612370e-09
3.156784363784402500e-09
2.110079631042956489e-09
2.330754061804559370e-09
3.867802736439204626e-09
2.250013106679169453e-09
2.890800667999334102e-09
2.304679153859771237e-09
2.827670933378509015e-09
3.431336047597351593e-09
3.227436460793750648e-09
3.350821030704352618e-09
2.585483745206950336e-09
2.719875913473677256e-09
2.983832001648410323e-09
3.415676055227759053e-09
2.770529006316358228e-09
4.043496925814849208e-09
2.939824820606051095e-09
2.829165242380279167e-09
3.384633056381362865e-09
3.278237543392550014e-09
3.931969194339343512e-09
4.147168061268791148e-09
4.371645342907574407e-09
5.475771098270925694e-09
7.383279646443263633e-09
5.165328541931062340e-09
3.655363860167495296e-09
4.794370008695388214e-09
5.227898960564472630e-09
5.265177491116807146e-09
5.830400434988393438e-09
4.956551850033721239e-09
4.398602724168419334e-09
4.849436034031931890e-09
5.958054895241311441e-09
6.231530799452000427e-09
4.697601070059978040e-09
5.834950187304592079e-09
5.671179266819568826e-09
7.819777647555088339e-09
7.135387470898748079e-09
7.058928675491903357e-09
5.817683404929384712e-09
7.227295258765104991e-09
5.703370879782571558e-09
8.275003879037864436e-09
7.217492856033657366e-09
7.732953106911921627e-09
7.025288669802163951e-09
6.800029543512386887e-09
8.611507683071513704e-09
9.504512025600627542e-09
8.571490274981583470e-09
7.137951331038678780e-09
7.800368609675722278e-09
1.060667334225694051e-08
9.455333194279517958e-09
1.049089370116321642e-08
1.145487203674083451e-08
9.835862403435357524e-09
1.027125823105349281e-08
1.055418173544793156e-08
1.384227250408845266e-08
9.670921548228998052e-09
1.152385562286663689e-08
1.255353870325426714e-08
1.007071305406391353e-08
1.146639363312368130e-08
1.533227984937654929e-08
9.313790707262180248e-09
1.111994915161581377e-08
1.328997446216251749e-08
1.205826173141007467e-08
1.099432047868808225e-08
1.203929444641287655e-08
1.167462409861388147e-08
9.577574708357472148e-09
1.253506901149421549e-08
1.249992686314034151e-08
1.456430861819119856e-08
1.114552114523814098e-08
1.234785688300659324e-08
1.564112358014227598e-08
1.358966285444294307e-08
1.338073161550192185e-08
1.388496802244984029e-08
1.552919615545350098e-08
1.497739601579944042e-08
1.668108301829888845e-08
1.547544592490449527e-08
1.643403773608078839e-08
1.228299424776528111e-08
1.325789664615704591e-08
1.353728532348246877e-08
1.829930227071682630e-08
1.517476758625491902e-08
2.078675026789506333e-08
1.768047081702617753e-08
1.604969076391886359e-08
1.848433428551942348e-08
1.497385623149796514e-08
1.435141578073431416e-08
1.657277426807103491e-08
2.010475899842496173e-08
1.390894651522228072e-08
1.246982105528074273e-08
1.336009436551936048e-08
1.777366676958141620e-08
1.530373112481061865e-08
1.526658990922190937e-08
1.871034829964688352e-08
1.953663263526332512e-08
1.678003625637504576e-08
1.668933073922861964e-08
1.689519772433999986e-08
1.134985522088678615e-08
1.491586184792998630e-08
1.506844271646298878e-08
1.608367043192906025e-08
1.541902982517729024e-08
1.635062258121818667e-08
1.666373731640640962e-08
1.493969095057262077e-08
1.276590485392989397e-08
1.502529117714454379e-08
1.379228434109943818e-08
1.522146130989435490e-08
1.313456241521207741e-08
1.663177124976531266e-08
1.463958950463493673e-08
1.320405230970036403e-08
1.706085340759588968e-08
1.538185862590230685e-08
1.770170898009526689e-08
1.777864681900611553e-08
1.572517116762628346e-08
1.217059253030102814e-08
1.419900787083406274e-08
2.041808300361621981e-08
2.104005599934220260e-08
2.338180606946289054e-08
1.392522900132874240e-08
1.573569279897412806e-08
1.246418349613930545e-08
1.421263623832723943e-08
1.042983528744184009e-08
1.330705179045184057e-08
1.343960817661773234e-08
1.604848571194039861e-08
1.602296017029474429e-08
1.723400241650995736e-08
1.420455011751272812e-08
1.342789156578473744e-08
1.422574705478796200e-08
1.459246963865174463e-08
1.221361520971104991e-08
1.236756182261024709e-08
1.111611413438871880e-08
1.446829143326543345e-08
1.118747971504898976e-08
1.283828412902063598e-08
1.410341273807959020e-08
1.240931096643292506e-08
1.137527637878550038e-08
1.193189819107792358e-08
1.104699164397859108e-08
1.166611399662092251e-08
1.124424256220929506e-08
9.841652213401910496e-09
1.129038223613919001e-08
7.323262138250608771e-09
1.122275903156655212e-08
1.005482241890805113e-08
8.937090289788126008e-09
1.195901375644123392e-08
8.839774878134262481e-09
9.250761765752292143e-09
9.273215783185064919e-09
8.307793626253974198e-09
8.604771815487496177e-09
7.475308681146163191e-09
8.387091917293620657e-09
7.030844657662533346e-09
9.408132060930995433e-09
6.949993542842420015e-09
1.031000288940498295e-08
9.417167316338044249e-09
1.125928004203890694e-08
8.498038114809378430e-09
8.721752945359902339e-09
8.057660304013873408e-09
7.074977977896213766e-09
1.042835620486127448e-08
7.480723887369040342e-09
9.248868637093434020e-09
8.368699595620428282e-09
8.281422525123002694e-09
1.029097844813156928e-08
5.936572004406057481e-09
6.307681845793204713e-09
7.478853012180484124e-09
6.316832466293298245e-09
5.605036191911254260e-09
7.138241845174972895e-09
6.852155388506162253e-09
6.579107952079178242e-09
5.808619104449693479e-09
6.844201386435616485e-09
5.403904898009827675e-09
4.896997556682199897e-09
5.580634191924192341e-09
4.510955827399824888e-09
4.741039282634248163e-09
5.000177636207552902e-09
4.698758255912387037e-09
4.183262325171254308e-09
5.143549546717183138e-09
3.875996337057958533e-09
4.461944671084207053e-09
4.919931237351678006e-09
4.265395320339489411e-09
3.946054063679434948e-09
4.000737500679634349e-09
4.042027695704146305e-09
3.964448473130674618e-09
3.837428072443771466e-09
4.633326150007397246e-09
3.882807574012430936e-09
3.609085185207705413e-09
2.943789539210237568e-09
2.854356701954494444e-09
3.209096941676665767e-09
2.802041250061126124e-09
3.160927842039993712e-09
2.599189292096520217e-09
2.485718504606839642e-09
2.809740877860737693e-09
2.188746294321552306e-09
2.655791352597943111e-09
2.439738914619129980e-09
3.097923225267045938e-09
2.071201796350844542e-09
2.285593529259546764e-09
1.999759725450383346e-09
1.840888153386056050e-09
2.111175061792507481e-09
1.905146676163934481e-09
2.208347976728617958e-09
1.869357511606434915e-09
1.591677533666327711e-09
2.207995554419657501e-09
1.587016292344525968e-09
1.301407484541791593e-09
1.277477443970544890e-09
8.864321115211307584e-10
1.218124801797607202e-09
1.290494542294918225e-09
1.326820461738890974e-09
1.146758251385161021e-09
9.532654813236402340e-10
8.823610124320760157e-10
1.007006133125568477e-09
9.180309764776332431e-10
7.157411284742927812e-10
6.597861418526172102e-10
7.680546805487630053e-10
6.710673098032606236e-10
7.037510164954433350e-10
6.347513671072552104e-10
5.643184781252881195e-10
4.761958129509721270e-10
4.557974616238276361e-10
4.131285939058111168e-10
3.983787191755156952e-10
3.513547632009316027e-10
2.821938091867789383e-10
3.048288210475016547e-10
2.315347885983011318e-10
2.257489420490157430e-10
1.740297792573281344e-10
1.957748608765887056e-10
1.154551268286229558e-10
1.852466116606196748e-10
6.537965981688794114e-11
9.459823154405711784e-11
4.832234021125828475e-11
4.764502662348420351e-11
2.914372721333565261e-11
2.061193828820753360e-11
1.362058084897947864e-11
4.255686986645343392e-12
2.067394552219350161e-12
7.600063793031204331e-14
1.778405876738932551e-13
6.421701642510797746e-12
5.034785489750833185e-12
2.766204175651475065e-11
2.086960858598694808e-11
6.385955484638716551e-11
4.694920605043111193e-11
8.744962475957829008e-11
1.020310819174070755e-10
1.611574517918355189e-10
1.723058799639166987e-10
1.812181298376641652e-10
2.630147391724072198e-10
2.736184775464384084e-10
3.171030678069109802e-10
3.466250638792511888e-10
4.316558190041286997e-10
4.499887560079317259e-10
5.682709532582019145e-10
4.557068428438998926e-10
9.566368284476738400e-10
6.327299638334930412e-10
9.128733780537322522e-10
9.451694815317283017e-10
9.363588881598414760e-10
9.559461062507118840e-10
1.162076459261829327e-09
1.373494668651473607e-09
1.347939953770373589e-09
1.285316481067439252e-09
1.277149812661613537e-09
1.288288595963923237e-09
1.893877299129590563e-09
2.002699904614375856e-09
1.688171840602797428e-09
2.401400735998412031e-09
2.244546173748660701e-09
2.778234843314852978e-09
2.682080969306979279e-09
2.640011021080577736e-09
2.929104564204901293e-09
2.890229849759114883e-09
4.106266408953107871e-09
3.104577522648860376e-09
3.567261706403110894e-09
3.034868413798871254e-09
4.252790116005558750e-09
3.929047285228035906e-09
5.048389423716451021e-09
4.268824761963246448e-09
5.344966186012433774e-09
4.718692949191081547e-09
6.255901173393026545e-09
4.907916409922277777e-09
5.560555893183321218e-09
6.056253951937938246e-09
5.689223491005773830e-09
6.645332757766944186e-09
8.533542126046756262e-09
7.021636051507562044e-09
7.179728933877699018e-09
8.217101845447512503e-09
7.263251727934225371e-09
9.978547981431427505e-09
8.813257824154881928e-09
8.378299129142307549e-09
1.034699770370142731e-08
1.284077402722271552e-08
1.171986220864894504e-08
1.028887582618707124e-08
1.036922642065680038e-08
1.022904545817586863e-08
1.131511843537033441e-08
1.239875921557850925e-08
1.067800592283523563e-08
1.715945046105294664e-08
1.390902756566504257e-08
1.427715329029361483e-08
1.522679221530286571e-08
1.441566166513746016e-08
1.390175090893757668e-08
1.318887800910174191e-08
1.346815371215934946e-08
1.442436608125407220e-08
1.474102958569019622e-08
1.680103435822331305e-08
1.694681090539861784e-08
1.485440608209057420e-08
1.500594385549556462e-08
1.692243696025756278e-08
1.874354526338981784e-08
1.518752699179431358e-08
2.005146749127314575e-08
1.644286284579582197e-08
1.501486872806641879e-08
1.600125094603009412e-08
1.494172303672755384e-08
1.758954682584837685e-08
1.788735950019410661e-08
1.643920032945417627e-08
1.883345075238010092e-08
1.690948549310846416e-08
1.818818378236881349e-08
2.202376979480288240e-08
2.216357986028988037e-08
1.692956776249875241e-08
2.144554780392240812e-08
2.031883235466921965e-08
1.782741373856241167e-08
1.813288682599735488e-08
2.066744389839389973e-08
1.928252710028416084e-08
2.007844895196701849e-08
1.561147003478064940e-08
2.144318225316696838e-08
1.631083228811763397e-08
1.848371398807342217e-08
1.752609975876048667e-08
1.893338016055102234e-08
2.033988149927162356e-08
1.621580411834154871e-08
2.020199172528880078e-08
1.743726908266225861e-08
1.761856171281936196e-08
1.904141873744143810e-08
1.872058696289330312e-08
1.645960790806078795e-08
1.849554684438103585e-08
1.799254774016664395e-08
1.792215560074621940e-08
1.502310708223172136e-08
1.618726414654957022e-08
1.298348413318684350e-08
1.258514033878051006e-08
1.484656046069727194e-08
1.607472881598557264e-08
1.144669622552517471e-08
1.608231046780997469e-08
1.388304843848641750e-08
1.503691175264210925e-08
1.569821493135273597e-08
1.262603639836624555e-08
1.203660879726705801e-08
1.161914133126124321e-08
1.023644050082804710e-08
1.199748264306055254e-08
1.144571150331076003e-08
8.478806133053722450e-09
8.596608017826680157e-09
0.000000000000000000e+00
