1.939329643219452251e-19
7.791428344006981632e-19
4.663129138885410334e-18
5.857955987951093315e-15
1.062205979265529922e-14
1.608154682824665582e-14
1.106632309121182580e-14
7.289913457418000997e-15
1.897302007792765844e-14
3.013142583044619228e-13
2.600335251607097288e-14
5.046764054605865102e-14
3.165256824650486979e-13
2.400183663631652380e-14
1.403800895092799737e-13
1.697165736171674245e-13
1.782079997339634745e-13
1.773876715848978243e-14
2.316088368874543615e-14
7.711807867832207633e-14
1.043038667434701194e-13
2.859199147483653532e-14
2.938431901717535546e-13
2.879733194643974654e-13
4.895515697111270899e-13
2.915218147216478789e-13
2.916650709624619524e-13
1.058986679935589905e-13
2.064183806938189250e-13
2.452507716048707831e-13
3.646234936188522029e-13
1.719524908695312683e-13
1.650925318843235117e-13
3.459949390423672060e-13
5.763511226563204595e-13
3.887861899601315446e-13
6.911602858094685252e-13
3.157248055566048346e-13
1.942923303749368844e-12
1.833387448714912585e-12
7.488717584994391410e-13
1.272650608486667883e-12
1.333147138246083180e-12
7.669050314607386702e-13
1.512401682590060723e-12
2.287622243884969969e-12
8.932341492169847880e-13
6.716973900426486562e-13
8.814670718952744122e-13
7.556378912085158358e-13
9.471195360506996385e-13
1.264097332691220157e-12
6.437400526927149997e-13
1.934459557000280851e-12
8.577220723922186987e-13
7.877127721349639920e-13
3.429543592920190625e-13
1.570075865674280302e-12
1.049622412254326049e-12
1.168647222188600796e-12
5.337383497204656235e-13
1.101909866275773361e-12
1.872186931811652776e-12
1.410738356159660371e-12
8.188791003070460970e-13
3.151344924813370399e-12
1.497001469164155381e-12
1.692291064252076639e-12
1.486138364136492256e-12
3.391820586060353856e-12
1.157801120642477376e-12
1.047526392953364101e-12
2.274306456946946522e-12
1.941652733355292670e-12
1.392797302379468981e-12
2.998905215538097726e-12
1.433685391103204894e-12
1.359998048353206131e-12
1.536517247035831826e-12
8.344989195467348834e-13
1.789546680998672688e-12
2.454748004713638913e-12
2.428114511689705121e-12
2.077147115989004444e-12
1.910602705207783230e-12
1.999836605369092178e-12
4.503646280513488736e-12
3.278166375955853124e-12
4.518074935309340562e-12
2.492326725878854229e-12
8.184457840828971823e-12
3.348175380964438851e-12
2.753662920076475060e-12
2.137755834341522298e-12
3.709462766009937979e-12
3.502329135191725832e-12
3.710013577820172844e-12
2.920893033153775587e-12
6.892424236801402202e-12
3.287833294987810173e-12
3.411971420929272616e-12
2.877138371346209815e-12
3.382309464708323886e-12
6.579935972302178735e-12
3.343441526482595445e-12
3.715279246355048693e-12
4.829090977438718815e-12
2.586708170368038327e-12
4.302392818863572563e-12
2.534910969001078501e-12
2.728548215403066998e-12
4.516854810371955933e-12
4.416110415083729428e-12
3.653168557962910151e-12
4.548617853516944197e-12
5.293097465968942127e-12
5.398686358298390414e-12
4.834619583011806062e-12
4.342150789945877834e-12
3.395603155121208450e-12
8.454314371183613878e-12
1.042661984239872248e-11
6.722940124567217023e-12
3.956534495916591076e-12
6.629034183034993024e-12
4.059906765095051337e-12
4.842769334948146189e-12
4.271045103560129679e-12
5.576358018351302729e-12
4.780275631632661512e-12
4.873918606720092336e-12
4.024843715344714684e-12
4.698678623289527356e-12
6.722061531026634992e-12
5.191076927218815030e-12
5.882729592941396099e-12
7.582482355289574006e-12
6.265832626801044895e-12
6.521375758204724319e-12
8.030607477785866356e-12
7.427406870967511041e-12
1.046456933781428837e-11
4.113350311477476945e-12
6.423702213105004916e-12
7.516353913402698217e-12
5.190784310878546959e-12
7.051958735879165693e-12
6.278780883263467000e-12
8.613179573912810849e-12
7.289429182183524719e-12
5.370530726173851838e-12
1.029898145687388971e-11
8.263183239547441841e-12
9.224273854908176366e-12
6.167050651886426617e-12
7.640849049559480641e-12
1.039919162691884775e-11
5.673591204041068246e-12
1.316962461569947889e-11
5.061535108800216065e-12
9.637511766615192453e-12
1.255362836857976777e-11
1.074244651953515469e-11
1.117941904025851152e-11
1.114317248880387847e-11
9.568318079278396097e-12
1.052784658721262529e-11
1.072929527299294725e-11
8.847904093007004435e-12
7.209405245413101102e-12
9.529084483213700507e-12
1.092347832933311300e-11
9.009251995631841090e-12
1.016071381710727808e-11
1.385749718344074631e-11
1.271918574419151110e-11
9.132342766289180110e-12
1.504415805813097385e-11
9.879477678241046006e-12
1.015762841496709617e-11
8.838827503532101992e-12
1.015728492200694483e-11
8.782213637576185916e-12
9.891504791661898613e-12
7.706991203408190865e-12
1.403962574393517112e-11
9.356162766121180202e-12
9.528493685961368160e-12
1.586698118261729844e-11
1.670696858560489997e-11
1.498210781616735312e-11
9.718188655003406550e-12
1.617286200418642748e-11
1.495394142662237624e-11
9.065475704093640719e-12
1.881768671696114628e-11
1.770809601120211501e-11
2.435080999046954256e-11
2.932533321504286553e-11
2.271921221091154721e-11
2.264732233052176845e-11
1.368512456722347227e-11
2.150292355248236847e-11
1.836773912459020284e-11
2.498452902409510663e-11
1.243686889561088099e-11
2.380457993859876636e-11
1.299942536794429218e-11
2.004553723161954460e-11
1.818246674345928530e-11
1.809392158047061251e-11
2.890386034184155537e-11
1.604582617912880812e-11
1.330814472484913302e-11
1.833714375081461993e-11
2.033257969842769002e-11
2.006220895935283768e-11
2.659531421027776445e-11
1.930836405650497726e-11
1.910380344748655094e-11
2.241845862286470412e-11
1.775724004689526805e-11
2.473169172872084075e-11
2.028584103794407534e-11
2.089068710072723157e-11
1.799351455085214662e-11
2.304715158982246114e-11
2.303445958574704408e-11
2.658022432157491295e-11
1.907369542905724173e-11
3.230527995314372599e-11
1.736113958205784894e-11
2.597711304330755905e-11
2.069211514828464361e-11
2.519873527804364521e-11
2.754975511147581463e-11
2.546274693441484388e-11
2.115024402256754339e-11
3.221168513285185087e-11
2.356504451199458871e-11
2.278376357445340476e-11
2.268790469021154224e-11
2.656057501186305503e-11
3.095093456891831720e-11
5.487748607910580711e-11
3.540730318492856025e-11
7.630443384885344652e-11
3.850731516853103724e-11
2.686495912430685876e-11
4.046613525977871631e-11
3.453502599764932297e-11
3.820802783316933698e-11
5.070634504940894097e-11
4.541146732039465360e-11
4.786064755887796537e-11
3.882021124285933646e-11
3.484717131355891840e-11
5.250781493102173210e-11
3.355874557740078392e-11
7.047749754275695770e-11
4.842006340664510730e-11
4.321450571628628653e-11
4.193993989245467197e-11
6.295863457795905053e-11
5.868287244286105018e-11
3.693336472926419841e-11
4.009377168721853128e-11
4.495947735126229970e-11
4.365748585182832323e-11
5.790632912830146846e-11
4.627259273430559650e-11
5.874354103281343186e-11
6.021972774441565141e-11
5.656028693283732280e-11
6.178281533716377613e-11
5.854722598833795096e-11
5.162209929566271595e-11
4.985261459168956013e-11
6.964770937280843014e-11
7.311048061858086080e-11
4.634282862214383457e-11
8.386135489902676901e-11
9.172377108542871275e-11
6.925565024078525624e-11
5.407088143066131573e-11
8.292553535656953408e-11
6.469376108139458981e-11
6.102448357676387919e-11
7.013816188514377640e-11
6.265776804084356539e-11
7.783069192423944836e-11
7.655633300845202943e-11
8.926864108535268619e-11
1.010867680554207055e-10
8.766252017213121087e-11
9.097451968171357495e-11
8.055223695143898038e-11
1.620257436564229398e-10
1.305859147125323634e-10
1.128699856867640586e-10
1.180407141417152956e-10
8.205794692182157988e-11
1.232869647749876617e-10
1.051634338806585497e-10
1.436796147141849865e-10
1.460579837523503289e-10
1.226278724659381278e-10
1.181733263468437437e-10
1.495797084586075188e-10
9.669207113569305125e-11
1.362651607021566922e-10
1.387508580707003968e-10
1.840591661622409359e-10
1.712558315698267222e-10
1.534264664579128366e-10
1.729992565894238118e-10
1.470255643515736355e-10
1.672007008292086706e-10
1.823718717318471037e-10
2.073107604677265683e-10
2.156663791061791786e-10
1.600642129826721526e-10
1.813210090317425985e-10
1.916028240782900773e-10
2.368854862476812827e-10
1.845410884058693488e-10
1.608829931401998309e-10
2.353963967871393289e-10
1.818316070376738998e-10
1.675501351294214149e-10
2.421811286833553745e-10
2.177083291177089662e-10
3.189720347060216162e-10
1.775029966262280737e-10
2.589583316521785108e-10
2.754289131621559750e-10
2.342400585579072459e-10
2.388997257388182196e-10
2.451478992712856532e-10
2.570195189415067970e-10
3.444383193693394723e-10
3.079770771355754114e-10
3.013556747262768861e-10
2.743747316670151063e-10
3.283686647217076692e-10
3.195421027495313599e-10
3.856874341141103346e-10
2.570785047016113594e-10
2.967917581420494620e-10
3.767927215101844893e-10
3.518048035059325910e-10
4.676859517531578333e-10
3.255567148939482159e-10
3.933831446585189463e-10
4.088788407669040035e-10
4.056180292698439034e-10
4.695732320687084829e-10
4.907086935359746177e-10
5.011732784662661808e-10
3.733808885746515768e-10
3.850034083311119380e-10
5.036375864663303803e-10
6.089543527437019390e-10
4.744698228439941230e-10
6.454782221380805856e-10
3.527364835796357317e-10
5.513838851989022477e-10
5.341364837740915878e-10
5.390787951889454973e-10
4.923095486661237925e-10
6.703881224942332682e-10
7.509105541583218439e-10
7.848959803410062718e-10
4.735356041472977280e-10
6.239292859982275578e-10
7.451761535681890716e-10
6.118685709543580980e-10
6.657996775646455886e-10
7.508198879776282137e-10
6.174481512378857155e-10
7.149377087937343499e-10
6.361828287634359789e-10
7.253715762612010743e-10
7.224611442078153707e-10
5.587290766211143628e-10
8.075353369859815379e-10
7.204115938372380743e-10
7.355169573199566966e-10
6.878687993402319068e-10
4.858445600791130998e-10
7.016782616731915824e-10
6.361845919144457773e-10
6.571005490443001341e-10
5.512831735908877573e-10
6.114921072605730416e-10
5.741181141179816115e-10
4.988909761561761103e-10
6.822663825673356318e-10
5.344375644245608223e-10
5.953586164891596421e-10
6.945155391430982519e-10
6.398499546972602960e-10
5.850318959923498239e-10
5.733565912203618728e-10
6.615568212168411402e-10
6.745978497961464709e-10
5.818052500897050651e-10
4.952836636910956201e-10
5.613612389070345267e-10
5.976632160653825036e-10
5.166851150330681532e-10
4.229765702908117265e-10
4.828222516644166262e-10
5.560188933588737147e-10
4.163853139662715220e-10
4.773535448577662768e-10
7.599742814682252721e-10
6.807069016497810887e-10
5.811939704572628989e-10
5.162035148746648488e-10
4.806993419037472474e-10
5.127992716921368910e-10
4.659507693674777808e-10
3.662688146658806186e-10
6.984852752147068022e-10
4.562578761927817038e-10
5.497635138792139199e-10
4.840859213661714505e-10
4.917679589997795723e-10
4.731039973378272315e-10
4.222038388783191981e-10
3.204471605988785352e-10
3.913245440615652290e-10
4.204339920075146707e-10
3.063357897841567431e-10
2.889800226422667582e-10
3.146607337720591113e-10
3.015979024819033934e-10
3.392057325792730344e-10
2.453315101498351086e-10
2.883930989062667729e-10
2.030574523421336342e-10
2.879784504227158087e-10
1.943418378513966014e-10
2.058635240172074432e-10
2.091757169162771190e-10
2.055128256346618912e-10
1.771894318401728787e-10
2.014478418984387591e-10
1.695110151560585205e-10
1.592024530917272643e-10
1.041422835628524190e-10
1.345707123535198082e-10
1.436873507512749059e-10
1.503946495153685724e-10
1.131281979129382144e-10
9.487639872537788016e-11
1.062691090187115569e-10
1.073638026796823044e-10
1.051775834408653716e-10
6.756767821506687806e-11
9.882696406846367284e-11
1.170207079437030651e-10
7.994026463032604546e-11
7.561266578573172125e-11
7.944469183562942179e-11
6.642874467049115824e-11
4.760735540333131743e-11
7.153547578566526860e-11
5.483517911430925574e-11
5.311564251115546263e-11
4.181897723106639802e-11
3.931441986216108812e-11
4.367456862944732947e-11
2.671804207387230474e-11
3.013518431951357930e-11
3.536373239692488234e-11
2.274691669849549043e-11
2.226039762087930788e-11
1.827041517356406298e-11
1.613729612350510136e-11
1.374490233182640439e-11
1.098588052735131576e-11
8.191266170587881121e-12
1.010132787758338292e-11
4.459486907424293593e-12
6.201660695400565654e-12
2.086276032658445642e-12
2.671492873374626450e-12
1.262158011799650661e-12
3.107724314354254161e-13
1.946581312392795264e-13
5.044661548602231493e-15
9.557737456890164609e-14
3.159756496459044429e-13
1.497120294159844117e-12
1.205636990249680812e-12
2.593621101459381505e-12
4.012187671611462257e-12
5.316774517431790108e-12
7.869451459307791061e-12
7.796303055988115504e-12
1.236369217324516000e-11
1.371235007999890031e-11
1.487799349976758779e-11
2.187745653472916344e-11
2.388912791868301960e-11
3.431112053631812048e-11
3.296666069457125080e-11
2.347897861350307503e-11
3.628952175045856991e-11
4.193062618797229352e-11
4.820690666456739083e-11
9.481949743704557063e-11
7.326158412498253171e-10
5.371372848171630694e-10
9.123658784735061880e-10
2.392772692405285803e-10
6.125637956310107517e-10
1.203584852913660307e-10
1.367843760629754420e-10
2.725025183814779743e-10
2.312396507714620230e-10
3.336418631984162727e-10
5.002625685918270187e-10
4.253302760694548897e-10
6.339769085540219122e-10
3.411783462332784971e-10
5.108862911907554400e-10
5.222120616258960522e-10
3.312017266652399795e-10
2.218693627462917954e-10
4.684241405109047531e-10
4.058129924358928928e-10
4.984295085834172117e-10
3.563632534877064985e-10
4.984479523900778286e-10
8.370775726983064809e-10
3.868290208023490383e-10
5.109564167474848217e-10
7.140283012371424292e-10
3.770706724703240880e-10
6.608426352133746690e-10
4.022462462715916208e-10
6.253165793087830991e-10
4.759822892776494447e-10
5.929764591855256077e-10
4.838484547360988645e-10
5.714409439259464184e-10
7.048485749419730336e-10
6.889156206173084146e-10
6.002192325401313548e-10
6.793603119964160780e-10
1.070907455964165353e-09
1.256824016582707538e-09
2.935216865196817408e-09
1.883707223222475145e-09
1.531979794379658313e-09
1.402835063758065781e-09
1.400830967140361545e-09
9.508344057134238308e-10
1.044006629417919287e-09
1.721010043312311388e-09
1.319924433914266442e-09
1.224211781963273813e-09
1.196241051350609875e-09
9.486158916058992677e-10
9.714624768734789257e-10
1.531812103074806479e-09
1.345971823627849865e-09
1.267956481583670854e-09
1.451050069599820536e-09
1.246152426330379220e-09
1.672020787106412601e-09
1.896140031928881334e-09
1.661567678483736874e-09
1.698031158406043407e-09
1.453017467851831712e-09
4.166095740354744639e-09
1.952389319519961434e-09
2.166737734453901406e-09
3.156808510825272059e-09
2.110086714093942802e-09
2.330754075965924958e-09
3.867800964307074399e-09
2.250013285117296508e-09
2.890812671845999505e-09
2.304654402068868104e-09
2.827657630860823830e-09
3.431303039939355075e-09
3.227417785021847457e-09
3.350816308208821155e-09
2.585480663810288060e-09
2.719850981201829834e-09
2.983843241081272573e-09
3.415686781151567293e-09
2.770534400083952321e-09
4.043485440443411426e-09
2.939816542564687325e-09
2.829154266541624543e-09
3.384634782255702008e-09
3.278237641403938370e-09
3.931958082062264938e-09
4.147194570591871215e-09
4.371638412592766778e-09
5.475762087617777040e-09
7.383256771347695060e-09
5.165301018749763585e-09
3.655359138558628244e-09
4.794351758995491795e-09
5.227923089305410017e-09
5.265215058027141212e-09
5.830385518828402126e-09
4.956529923355351139e-09
4.398613242419765024e-09
4.849403167118836539e-09
5.958063022469953255e-09
6.231516236915371329e-09
4.697592682933798344e-09
5.834935827658800468e-09
5.671180354398027046e-09
7.819811097184996062e-09
7.135371434931004268e-09
7.058962334960873067e-09
5.817647173864900572e-09
7.227311111811508706e-09
5.703376469293930621e-09
8.274989339120649661e-09
7.217507636585005583e-09
7.732954450921413060e-09
7.025268417232941131e-09
6.800034275558533294e-09
8.611491508695916173e-09
9.504503725159123861e-09
8.571524574513812187e-09
7.137948806150404019e-09
7.800373218333604840e-09
1.060657278882159346e-08
9.455316464962438398e-09
1.049088175665770606e-08
1.145485297314242667e-08
9.835855895785625543e-09
1.027121059876972675e-08
1.055421958342029150e-08
1.384229857915078861e-08
9.670934207845224033e-09
1.152379927624290466e-08
1.255352412245583269e-08
1.007070662905338272e-08
1.146636368491127275e-08
1.533230858704982280e-08
9.313775885872881348e-09
1.111996465723136260e-08
1.328990954447957395e-08
1.205824761893697567e-08
1.099434064573570786e-08
1.203930712428709457e-08
1.167467515609899307e-08
9.577618691910541558e-09
1.253506441318227790e-08
1.249986027622726552e-08
1.456426588790193361e-08
1.114548376500676963e-08
1.234779213956114929e-08
1.564100474067190566e-08
1.358963021502261819e-08
1.338078333254494764e-08
1.388492703835283276e-08
1.552922479727576848e-08
1.497730396892596768e-08
1.668103025617870118e-08
1.547531908793053364e-08
1.643401392567609939e-08
1.228306419660639442e-08
1.325784680635069021e-08
1.353733464595894546e-08
1.829924472232501002e-08
1.517475752852784039e-08
2.078672791851761632e-08
1.768041043782753715e-08
1.604980131571173919e-08
1.848436046287373798e-08
1.497382046034990430e-08
1.435139346288471723e-08
1.657292140172801702e-08
2.010470730427615786e-08
1.390895575202692234e-08
1.246982666176000724e-08
1.336003838181536979e-08
1.777368950911813050e-08
1.530378548894095127e-08
1.526656255597837741e-08
1.871022062700274626e-08
1.953658582794452533e-08
1.678010806899294458e-08
1.668927985950741093e-08
1.689533829358049980e-08
1.134993900062223451e-08
1.491587650947164619e-08
1.506853308037333261e-08
1.608361179041032538e-08
1.541906484372757110e-08
1.635059976431259622e-08
1.666392939700211567e-08
1.493974966752670702e-08
1.276595328976609992e-08
1.502537481662909399e-08
1.379230361036139622e-08
1.522135362298578883e-08
1.313460476290053882e-08
1.663183194379788067e-08
1.463949834751333176e-08
1.320405182330865458e-08
1.706071255526866063e-08
1.538173368947478631e-08
1.770173338065961698e-08
1.777855258978239995e-08
1.572529262833433155e-08
1.217061636322149731e-08
1.419908927489847371e-08
2.041807248280435721e-08
2.104006347291800801e-08
2.338215008120688371e-08
1.392522154213934493e-08
1.573569095524691185e-08
1.246405497887813262e-08
1.421273917735338387e-08
1.042983156402952399e-08
1.330702712899602726e-08
1.343962315869286394e-08
1.604830792789296342e-08
1.602300486018983250e-08
1.723423927740333730e-08
1.420447496515454210e-08
1.342775134752697533e-08
1.422563683403700105e-08
1.459236607374594593e-08
1.221351383716843595e-08
1.236771982778578623e-08
1.111615540054666214e-08
1.446817000397240636e-08
1.118755857542783947e-08
1.283832828974243860e-08
1.410336994996561106e-08
1.240930894695241899e-08
1.137517917961485361e-08
1.193195817890916299e-08
1.104704050340619172e-08
1.166611016547828923e-08
1.124427513471579058e-08
9.841562024832000759e-09
1.129034864886870973e-08
7.323310580123357149e-09
1.122287651986290208e-08
1.005507044072157115e-08
8.937226287481359502e-09
1.195892823836905563e-08
8.839878368563054781e-09
9.250867437361004018e-09
9.273361356609232582e-09
8.307684665424655498e-09
8.604787158729585186e-09
7.475315563597642846e-09
8.387183442873363235e-09
7.031041586245804808e-09
9.408103526787000563e-09
6.949962466652395406e-09
1.030969743843779316e-08
9.417073241668246681e-09
1.125911147760644990e-08
8.498052360969679225e-09
8.721778096821818913e-09
8.057785610959128568e-09
7.074807226571943264e-09
1.042812091966405479e-08
7.480697824537196744e-09
9.248751850843585369e-09
8.368556392276557947e-09
8.281187419936007348e-09
1.029078585575918185e-08
5.936398547043241088e-09
6.307562001058229837e-09
7.478907263815783722e-09
6.316780037459318833e-09
5.604942686549893846e-09
7.138005192033968595e-09
6.852219272063534383e-09
6.579049355535245066e-09
5.808748560459600595e-09
6.844174087088010095e-09
5.403802158109206980e-09
4.897072440360774864e-09
5.580685137856332026e-09
4.511117213426540897e-09
4.741153054374861532e-09
5.000195203428901330e-09
4.698838646192807204e-09
4.183389815401657470e-09
5.143716674685092209e-09
3.876157194226340452e-09
4.461832165130096191e-09
4.920021602866521443e-09
4.265345323049465225e-09
3.946096708371198115e-09
4.000805016142007399e-09
4.042191707366479901e-09
3.964470065126075395e-09
3.837378077981449314e-09
4.633340643434572609e-09
3.883025561350530809e-09
3.609065408692967626e-09
2.943823636515116986e-09
2.854258561421213981e-09
3.209326421994493237e-09
2.802025284696676672e-09
3.160951807074059851e-09
2.599290889469561809e-09
2.485542014137234142e-09
2.809799878169648902e-09
2.188574080494647388e-09
2.655701576043538724e-09
2.439611290028082961e-09
3.097907224414540227e-09
2.071289815970852261e-09
2.285530648411854031e-09
1.999909871708580033e-09
1.840934885593736716e-09
2.111115635394518147e-09
1.905127444169106286e-09
2.208519695291179700e-09
1.869439037990734423e-09
1.591818649610352823e-09
2.207768089671012164e-09
1.587138194133156372e-09
1.301525858472714516e-09
1.277637882958782256e-09
8.864007235712364497e-10
1.218189420711640655e-09
1.290476519993936850e-09
1.326841604792828847e-09
1.146756674029227712e-09
9.533399646374935635e-10
8.823452383671491421e-10
1.007003936213564525e-09
9.180976330729191619e-10
7.157170816402745517e-10
6.597194188661439061e-10
7.681623290330411677e-10
6.710227625310821145e-10
7.039145183891838119e-10
6.347656208910101086e-10
5.641436116740354377e-10
4.761468518132002551e-10
4.557698202490678496e-10
4.131695851448095914e-10
3.984243269858695087e-10
3.513570432117829436e-10
2.821869235021587554e-10
3.048154611901364311e-10
2.314481366441143206e-10
2.258042731995743991e-10
1.739200242142920136e-10
1.958009689971675225e-10
1.154422314944997431e-10
1.853141493912943138e-10
6.536168891551391145e-11
9.460666211202441992e-11
4.833254474661899605e-11
4.763515747946736349e-11
2.912014346186349132e-11
2.061862922444352567e-11
1.364699533168366705e-11
4.273874418111028190e-12
2.068607414588978528e-12
8.083352608262894264e-14
1.814969946005362878e-13
6.437356339527253531e-12
5.036189636372689305e-12
2.760777626762639125e-11
2.087596137545787903e-11
6.382441229103545271e-11
4.687931230165119247e-11
8.742386914031025067e-11
1.020361715260909380e-10
1.614692170080537854e-10
1.723281293772311561e-10
1.812201008831136625e-10
2.630704665289595645e-10
2.734950554205104290e-10
3.170545080680527672e-10
3.467364947904586935e-10
4.314157978038771949e-10
4.501205410679209514e-10
5.682077748963117308e-10
4.556204273425627824e-10
9.564693081758906983e-10
6.332312021621961106e-10
9.126264009694843926e-10
9.454467195235534241e-10
9.359296143557734733e-10
9.559406121402474658e-10
1.161701771793632235e-09
1.373848205618132564e-09
1.347772304207086399e-09
1.285085040383630844e-09
1.276960008622839350e-09
1.288224815928687842e-09
1.893262629245185351e-09
2.002021504843617022e-09
1.687975231764521464e-09
2.400975417257677049e-09
2.243918764645777709e-09
2.777982943048265012e-09
2.680620210003175648e-09
2.639162662971483886e-09
2.928227804282555207e-09
2.889793974672307263e-09
4.105233848354826565e-09
3.105144851193194165e-09
3.566365199999823894e-09
3.034082015035400758e-09
4.252730868448036294e-09
3.928183930044733831e-09
5.048628949202191996e-09
4.269414966948192048e-09
5.342987569633662493e-09
4.717634255641885130e-09
6.255725410381767728e-09
4.906638943689584278e-09
5.559095801210174613e-09
6.054799100579854375e-09
5.689247017485391964e-09
6.645749907824609228e-09
8.533432083017080208e-09
7.021182274942841247e-09
7.176564976254494066e-09
8.213094795301199804e-09
7.264663280762257426e-09
9.978358554008546423e-09
8.815544881563280538e-09
8.375276665333685470e-09
1.034367225428682259e-08
1.283567685758983077e-08
1.172086839670814437e-08
1.028427007106660493e-08
1.037126166450950950e-08
1.023049564240465188e-08
1.132012212205818286e-08
1.239342768408699671e-08
1.067918959157861489e-08
1.715205882364433499e-08
1.390799275843980787e-08
1.428084377275113749e-08
1.521667739626001828e-08
1.441306848464389659e-08
1.389821783104189112e-08
1.317770742732340847e-08
1.346796675596162837e-08
1.441231305350533830e-08
1.473702662121586593e-08
1.679540301121667359e-08
1.694804294835430126e-08
1.484998974549199950e-08
1.501008920567171480e-08
1.692629482315423804e-08
1.873738104321664666e-08
1.519084398949892896e-08
2.004503768276127374e-08
1.644504429203068249e-08
1.501261021204364879e-08
1.599039096721959182e-08
1.493392795103802493e-08
1.758523182318681828e-08
1.787371520868480779e-08
1.643491479320099944e-08
1.883660746579894783e-08
1.689691090946819922e-08
1.817677514979294829e-08
2.201410185454586502e-08
2.213840790423470691e-08
1.691863408336845678e-08
2.143137947411936027e-08
2.030656138658451709e-08
1.781913638359735198e-08
1.813496415469678206e-08
2.064242624188172343e-08
1.928228645995708376e-08
2.004542472931194229e-08
1.559060609593533600e-08
2.145565818454557013e-08
1.631429009823876161e-08
1.846987931137305069e-08
1.751899371287824514e-08
1.892159368180503761e-08
2.031533975896855876e-08
1.620014726577265437e-08
2.018116458769858357e-08
1.742873685271649728e-08
1.761965149953862648e-08
1.903749174769506197e-08
1.869087488292850415e-08
1.640660533517757693e-08
1.844024882276447194e-08
1.793885146340504994e-08
1.790613814843184608e-08
1.498472368013331317e-08
1.615045460876979038e-08
1.297449585839008069e-08
1.254926913211505748e-08
1.480702951860133088e-08
1.602655951955750310e-08
1.138735164546291773e-08
1.606142236818840017e-08
1.386801703556359411e-08
1.501509534279638736e-08
1.565077974157041489e-08
1.259604665514462492e-08
1.197927948432884891e-08
1.160978629856678628e-08
1.021285547110283950e-08
1.194292759094360633e-08
1.142668865776763577e-08
8.432811556864229725e-09
8.563845389376496372e-09
3.813599608671528634e-12
4.205903843596332702e-12
4.045832422678740283e-12
4.434481935879032770e-12
4.272668745695706203e-12
4.657049817059586876e-12
4.490623360610211809e-12
4.870619833158647980e-12
4.695962491052991084e-12
5.072037290448650400e-12
4.884772981894259697e-12
5.258040211950372209e-12
5.053054266636341491e-12
5.425333560624774991e-12
5.196828883658622455e-12
5.570674037837522041e-12
5.312266138385011093e-12
5.690964658808586238e-12
5.395821221847236057e-12
5.783360046435031834e-12
5.444388823255387752e-12
5.845377179237954718e-12
5.455459718833617438e-12
5.875004138504178153e-12
5.427271428629780984e-12
5.870804975678650832e-12
5.358951612365696264e-12
5.832017590875318814e-12
5.250645739276651085e-12
5.758634117994930134e-12
5.103611936041232465e-12
5.651456018775578134e-12
4.920274140817002699e-12
5.512123248281882053e-12
4.704232193895334476e-12
5.343112458730626854e-12
4.460218873587473902e-12
5.147694553834737478e-12
4.193991115462859395e-12
4.929851068317294120e-12
3.912157475817920794e-12
4.694155315197944467e-12
3.621950803790235663e-12
4.445617701365757666e-12
3.330946843639146947e-12
4.189495543591407831e-12
3.046733774646828656e-12
3.931080741880934588e-12
2.776555755711301664e-12
3.675480425770848975e-12
2.526955690331633817e-12
3.427397479537804468e-12
2.303432460748840285e-12
3.190922897161115286e-12
2.110134433152459216e-12
2.969361787226505336e-12
1.949623388374505061e-12
2.765107707245420796e-12
1.822733324371001997e-12
2.579569910311581440e-12
1.728532638373267068e-12
2.413162737075481614e-12
1.664400601082724895e-12
2.265367155239264701e-12
1.626229126007322948e-12
2.134859435438113919e-12
1.608739060126121427e-12
2.019692999278394740e-12
1.605882511354398125e-12
1.917523047238135050e-12
1.611305124963200904e-12
1.825858620940490046e-12
1.618838173490145929e-12
1.742314346464502594e-12
1.622972018795812451e-12
1.664834668726298483e-12
1.619260143583373787e-12
1.591871658839432068e-12
1.604620053718493621e-12
1.522497629387448432e-12
1.577504779733317320e-12
1.456435152132268489e-12
1.537919122842339634e-12
1.394000289826142431e-12
1.487275154436173187e-12
1.335968025288967431e-12
1.428111125669455388e-12
1.283374896322216677e-12
1.363708665644275761e-12
1.237281850806908036e-12
1.297646616712613859e-12
1.198530287958950649e-12
1.233346808552075113e-12
1.167526864170136808e-12
1.173677081518865844e-12
1.144088813595054195e-12
1.120659883594830173e-12
1.127375344370854713e-12
1.075313943979096156e-12
1.115919747857588695e-12
1.037648340260601371e-12
1.107762257894488379e-12
1.006809286210541567e-12
1.100669152868776171e-12
9.813440791282153585e-13
1.092408146720957632e-12
9.595266408207720337e-13
1.081037516155332315e-12
9.396922618387717921e-13
1.065164312658700682e-12
9.205273458303071357e-13
1.044131238801744008e-12
9.012566115695555029e-13
1.018097132187438208e-12
8.816947812591100795e-13
9.879916938523047147e-13
8.621689598083056753e-13
9.553517913669675670e-13
8.433374050059810809e-13
9.220666443924180382e-13
8.259417370716232404e-13
8.900698787566004546e-13
8.105536029349577528e-13
8.610305415815616029e-13
7.973861061304032059e-13
8.361029209663106054e-13
7.862137052801631022e-13
8.157795478036325420e-13
7.764132863085277129e-13
7.998675420314896657e-13
7.671220568529907784e-13
7.875916415549870027e-13
7.574793372550270494e-13
7.778045847363029380e-13
7.468822116935238526e-13
7.692553037561016596e-13
7.351792346793744611e-13
7.608532363869036667e-13
7.227509853141327107e-13
7.518762017872997626e-13
7.104479924947302166e-13
7.420798126888134637e-13
6.993817917306974526e-13
7.316825392954934837e-13
6.906124010044756442e-13
7.212337448855328732e-13
6.848162361015743867e-13
7.114033937860985963e-13
6.820212430661850418e-13
7.027447922080421724e-13
6.814788794055740369e-13
6.954858946536364062e-13
6.817218782005956655e-13
6.894019751749730342e-13
6.808144277702983855e-13
6.838010196593815414e-13
6.767406802465957793e-13
6.776220650536857535e-13
6.678371973417286910e-13
6.696226314968854758e-13
6.531690558592652970e-13
6.586128757659598580e-13
6.327598310556547888e-13
6.436827556239062830e-13
6.076129483918414967e-13
6.243753063536659940e-13
5.795174303218302170e-13
6.007776517940472588e-13
5.506935455630255890e-13
5.735189645474396036e-13
5.233694547251134521e-13
5.436846676274508115e-13
4.993865798893433283e-13
5.126751494664445940e-13
4.799205921228811871e-13
4.820395238613653510e-13
4.653710677988254742e-13
4.533065365672541317e-13
4.554180316325448473e-13
4.278315661908903429e-13
4.491967562578175636e-13
4.066731821656694921e-13
4.455243332610123137e-13
3.905002419128082734e-13
4.431156069955335565e-13
3.795296815083289669e-13
4.407447948508781262e-13
3.735061994709704075e-13
4.373425912757170108e-13
3.717347805237155361e-13
4.320512868102154280e-13
3.731671967223885210e-13
4.242709368699374307e-13
3.765405181913804316e-13
4.137174766132104887e-13
3.805583110937446237e-13
4.004903589087899182e-13
3.840841034005480398e-13
3.851211683566820276e-13
3.863045185021927769e-13
3.685600130080632824e-13
3.868285358387268817e-13
3.520667775670549046e-13
3.857021296727347250e-13
3.370040332384154523e-13
3.833300971108361889e-13
3.245652790251902572e-13
3.803211324429262508e-13
3.155074025918027809e-13
3.772968078591295735e-13
3.099698196334989070e-13
3.747103742827324655e-13
3.074386590628738004e-13
3.727140124902976704e-13
3.068697434810304780e-13
3.711050822861316243e-13
3.069423452353117336e-13
3.693663549121320795e-13
3.063776722202983497e-13
3.667910898499030073e-13
3.042323976354643637e-13
3.626647097350571036e-13
3.000928506855125192e-13
3.564638987455204279e-13
2.941367440217244239e-13
3.480249077674530092e-13
2.870595960386876448e-13
3.376313007097957768e-13
2.798833210463874361e-13
3.259866373194513069e-13
2.736908242046695667e-13
3.140663185468966544e-13
2.693456548630793583e-13
3.028776762429951670e-13
2.672500716208152216e-13
2.931925720274750304e-13
2.671940610022524467e-13
2.853381690298978224e-13
2.683536752861367015e-13
2.791225151570284394e-13
2.694737072950983063e-13
2.739305328226226931e-13
2.692115152780676955e-13
2.689664319337703183e-13
2.665581238966481512e-13
2.635604331180488126e-13
2.612083651181290958e-13
2.574256535790141741e-13
2.537348358452668727e-13
2.507651349036815723e-13
2.454607871744295529e-13
2.441878688950292114e-13
2.380356508349959412e-13
2.384712824924866473e-13
2.328481064598885277e-13
2.342714763531950469e-13
2.304971683405636295e-13
2.319031469258020369e-13
2.305401153753492890e-13
2.312783144162741379e-13
2.316417035085571313e-13
2.320202620237527868e-13
2.320884669417511198e-13
2.336889088186081624e-13
2.304674927199578796e-13
2.360043045220072967e-13
2.262245262403825279e-13
2.389600461355913086e-13
2.198648958222593753e-13
2.427721219126173789e-13
2.127201957445199277e-13
2.476820212786245047e-13
2.063934372704276504e-13
2.536959869169480587e-13
2.021315827606278622e-13
2.603732028630648191e-13
2.003987925283522001e-13
2.667617741001064867e-13
2.008192441777015150e-13
2.715284549269440201e-13
2.024753443823292170e-13
2.732609260489355650e-13
2.043863996153442962e-13
2.708635716529844621e-13
2.059325334566232408e-13
2.639303651053562194e-13
2.070417730924532328e-13
2.529699570926540563e-13
2.080884948114830186e-13
2.393885645129097207e-13
2.095926066577032163e-13
2.252063869285598043e-13
2.118884053473151325e-13
2.125735207288340120e-13
2.149175818013720192e-13
2.032278257637978375e-13
2.182180166044943746e-13
1.980693040327547490e-13
2.210814859345998975e-13
1.969968476688050977e-13
2.227880715663148661e-13
1.990633537714828754e-13
2.228184601572709485e-13
2.028806164954170481e-13
2.209833458211875979e-13
2.071045904383904676e-13
2.174549375983934672e-13
2.108098635908538828e-13
2.127159712795216420e-13
2.136257355980405880e-13
2.074522406105622758e-13
2.156170379409117027e-13
2.024101551485231936e-13
2.170032274666405485e-13
1.982381405806400248e-13
2.178746228975103244e-13
1.953432737831903093e-13
2.180507732073649715e-13
1.938074113868710215e-13
2.171382250658518182e-13
1.933958388014663153e-13
2.147367289404122783e-13
1.936561519030338647e-13
2.106752833730208830e-13
1.940646647891804395e-13
2.051578711478800340e-13
1.941541090087807633e-13
1.987511452243038524e-13
1.935708636950497729e-13
1.922252088224530353e-13
1.920623970305745148e-13
1.863301975359793957e-13
1.894489427020592371e-13
1.816160423465345099e-13
1.856434689799056603e-13
1.783610876190254347e-13
1.807396599401246302e-13
1.765995598460826131e-13
1.751168527534842184e-13
1.761880840709905356e-13
1.694647692793569373e-13
1.768536173531847125e-13
1.646541987213567767e-13
1.782017167186897279e-13
1.614693939809396192e-13
1.797100363498625552e-13
1.603139620247944476e-13
1.807621183417809812e-13
1.610352448145525892e-13
1.807603695064642332e-13
1.629574566601770908e-13
1.792946765568231146e-13
1.651043666755853081e-13
1.762866918656054798e-13
1.664987988411428692e-13
1.720319497221522485e-13
1.664100510182149290e-13
1.671178349211082711e-13
1.644822255043765278e-13
1.622572802990529962e-13
1.607547401836816816e-13
1.581077662834530013e-13
1.556185422889135991e-13
1.551371439758222766e-13
1.497311944554449271e-13
1.535652767222117899e-13
1.438835034299243420e-13
1.533714514789913730e-13
1.388141404738805123e-13
1.543350251378248625e-13
1.350138304521535148e-13
1.560864101637469473e-13
1.326058365197001708e-13
1.581685408520141880e-13
1.313754612713477240e-13
1.601091427635840366e-13
1.309354979003827061e-13
1.614840615051543929e-13
1.309220199553378524e-13
1.619506524299885817e-13
1.311000162988799483e-13
1.612567007142425395e-13
1.313365494269704049e-13
1.592511889819597328e-13
1.315039526166269630e-13
1.559192482469475826e-13
1.314239408080588584e-13
1.514445070103166967e-13
1.309191970112662953e-13
1.462732227853948950e-13
1.299369947302634065e-13
1.411227229545864305e-13
1.286367064365045522e-13
1.368742117406518930e-13
1.273567216142981825e-13
1.343437898292766897e-13
1.264717273638415959e-13
1.340091107870031544e-13
1.262271629588778502e-13
1.358187657192386517e-13
1.266373372289830686e-13
1.391855303199707378e-13
1.274816465030366034e-13
1.431756993753244686e-13
1.283853870355943128e-13
1.468081533083169377e-13
1.289543505116339863e-13
1.493264731323007621e-13
1.289312474672680331e-13
1.503363689947365279e-13
1.283293487832585647e-13
1.497934101617458846e-13
1.274749093874435730e-13
1.479155755620108985e-13
1.268957546229333050e-13
1.451048433737872632e-13
1.270643892031225217e-13
1.418908200177900559e-13
1.281127993653437789e-13
1.388489765057614119e-13
1.296966478491709211e-13
1.364702178827874336e-13
1.311249888750073043e-13
1.350306021365213147e-13
1.317058681826229535e-13
1.345412157731873521e-13
1.311078937006169838e-13
1.348134673666075392e-13
1.295259672837507733e-13
1.355909772710878979e-13
1.275709472579394094e-13
1.366462372658450326e-13
1.259675681704441408e-13
1.377769613093355145e-13
1.252332069989954047e-13
1.387446016721030500e-13
1.254917850649439309e-13
1.392657663992928031e-13
1.264852368530328831e-13
1.391112069127764106e-13
1.277408218232228444e-13
1.382422499029696148e-13
1.287948468908638241e-13
1.368573142518710701e-13
1.293756271396657770e-13
1.352908182606150950e-13
1.294782563451545205e-13
1.338331831462775411e-13
1.293029196784981035e-13
1.326059552428960079e-13
1.290906703068868863e-13
1.315713708317393017e-13
1.289571197026426318e-13
1.306338999721014096e-13
1.288304551825778731e-13
1.297237813419096043e-13
1.285241560488455611e-13
1.288030150858743734e-13
1.278822917807356925e-13
1.278351956511783245e-13
1.268991663583800199e-13
1.267959002834539104e-13
1.257448595445923522e-13
1.257385448410323406e-13
1.246914830174343447e-13
1.248460846500006522e-13
1.239919457295686118e-13
1.243862564934114993e-13
1.237786744191224831e-13
1.245706227395515399e-13
1.240210127885541004e-13
1.254183927503652215e-13
1.245443302700868978e-13
1.267352911355405854e-13
1.250996846483238566e-13
1.282172521118157427e-13
1.254653693705321718e-13
1.295835830650853227e-13
1.255420026482677355e-13
1.306422054984807893e-13
1.253905150246608504e-13
1.312789199586773348e-13
1.251873597273264445e-13
1.314396543257192971e-13
1.251226677016714862e-13
1.311629060874998840e-13
1.253011277532975779e-13
1.306394498453147741e-13
1.256981044749674688e-13
1.302183717285049389e-13
1.261910880410639805e-13
1.303130173533014492e-13
1.266544242474076126e-13
1.312569873988352061e-13
1.270793551177639792e-13
1.332118362348411828e-13
1.276563515199043863e-13
1.361730529179524718e-13
1.287401421678095229e-13
1.400135915721247841e-13
1.306400852723641763e-13
1.444544470086339438e-13
1.332732819705119491e-13
1.489234335960917668e-13
1.358672448852966109e-13
1.524163639860329404e-13
1.369858157730286889e-13
1.535702986002133700e-13
1.350269287034737970e-13
1.510649562850509434e-13
1.290107902237529305e-13
1.442157523501955485e-13
