5.140121438824639914e-18
7.502494160870139698e-21
1.437336525763253539e-20
1.074574076729647385e-20
1.364625570730723685e-20
6.154134710677589349e-20
1.703047237039073941e-20
6.431076400325981739e-21
1.788179876528304410e-20
7.332980758810669652e-21
1.827085981953954266e-20
1.184299049601937008e-20
2.649596626858171424e-20
1.406583524608404493e-20
1.181980254936984183e-20
4.999553933722334640e-21
4.003522793795027926e-21
8.251192304946719234e-21
8.389153882317257362e-21
2.851777264587650939e-21
2.910806668577531083e-21
3.533970309604168102e-21
5.725991903453859371e-21
2.956210063509661710e-21
3.846533190618954759e-21
3.504028049109345433e-21
1.198350501012125027e-21
2.978061080237820366e-21
2.241343054673476283e-21
1.218030205713827339e-21
2.716322681590393160e-21
3.373345442892185695e-22
1.289234010573642418e-21
2.125192262912331575e-21
1.731780227892340780e-21
1.004089279610652788e-21
9.394828893301020701e-22
7.509221845050590874e-22
8.508834957868864612e-22
9.052901677410854018e-22
4.570991794481733915e-22
4.902243137252246970e-22
1.420339971129198841e-21
6.013061507677774329e-22
3.950421679206696737e-22
1.037754837099691281e-21
6.184975033708472204e-22
7.041733544267880898e-22
4.967675675350824605e-22
3.267735209463735765e-22
4.716810614492175008e-22
3.248134386124712761e-22
4.066844318750778411e-22
2.961715363344446488e-22
6.416637644128477194e-22
2.597669725988486967e-22
4.851475652420687433e-22
2.519668039630532918e-22
3.544968868377093326e-22
3.177639467882664455e-22
2.658143542821510328e-22
2.704314776840433350e-22
4.257845334919228520e-22
2.494600364798859113e-22
3.990073533862107361e-22
3.047776858991043757e-22
1.098204387443480920e-22
1.518536975282829705e-22
1.458724007622104502e-22
1.693244068448953506e-22
1.189244339906962634e-22
6.420461948088440289e-23
1.269230807321433196e-22
1.141047019467209156e-22
1.756089119159593668e-22
8.740263093621413036e-23
7.166589652118132791e-23
1.138083822810239520e-22
9.827971020625743120e-23
7.722529659967028091e-23
7.613008070206347529e-23
5.636096558107610830e-23
7.787672751576922509e-23
7.353301739253388155e-23
7.249196454659689758e-23
4.400514426621941395e-23
6.366417807341135528e-23
7.596931515186067454e-23
5.754839052296237313e-23
4.589444810440709549e-23
4.911344700329835364e-23
5.424338122194785681e-23
4.364562007508825101e-23
7.469974619599966728e-23
3.283010614742985092e-23
4.064314708748682725e-23
3.687601627180525786e-23
5.447058720040720864e-23
3.095668296477880360e-23
4.582102774826834580e-23
3.226067137776372717e-23
4.069014592324031136e-23
3.414959778877292714e-23
3.269086926535735058e-23
2.595324613484698288e-23
1.973053614270817772e-23
2.237209056612443822e-23
2.621441035621274364e-23
1.995445744520500255e-23
1.596379662734729446e-23
2.043615965774417921e-23
1.974859387267408768e-23
2.540975025940027594e-23
1.337837763788952688e-23
1.880704339335548277e-23
1.533061034988649768e-23
1.412570340751314280e-23
1.204325908294322981e-23
1.483984503207737164e-23
1.440861960838931923e-23
1.484132447945044099e-23
1.296130561930548472e-23
1.016217473199115001e-23
1.010392910523778965e-23
9.332593164013353520e-24
7.897966148640463757e-24
9.018583022606059782e-24
6.149806066064209601e-24
6.895166151453903959e-24
7.704715856342784503e-24
6.932358204007758332e-24
6.712496323607574040e-24
5.560514226859293296e-24
4.273076553528788925e-24
7.084692973772408878e-24
6.029615040274039177e-24
7.208995261499858270e-24
6.997082152818534280e-24
4.864794304266399477e-24
4.260475141906724074e-24
3.990969661107289152e-24
3.326149126960308998e-24
5.376992347937688693e-24
3.076744357055644941e-24
5.167716230055195853e-24
3.643303584044034316e-24
3.634215617730746010e-24
3.141311777427008320e-24
3.644264539369497080e-24
3.748534693941433829e-24
2.760727741842050479e-24
3.036369472085943513e-24
2.603215495516454330e-24
2.222125440819464800e-24
2.472157977885208370e-24
1.889794675371655596e-24
2.526860373698371326e-24
1.982304323268218011e-24
1.837118952762774062e-24
1.675421282492431884e-24
1.455295017091721058e-24
1.822311873984991196e-24
1.758418219980315998e-24
1.599948593325983173e-24
1.590131740743883840e-24
1.497016496358593786e-24
1.546448539672759212e-24
1.626370238771076125e-24
9.939569285567436911e-25
1.005655878121220020e-24
1.552202178767842573e-24
1.167023562327688841e-24
1.237313551278164225e-24
7.649001398990954374e-25
8.810385750026040535e-25
9.117855504299556216e-25
1.086408708719570766e-24
7.163119275676985134e-25
9.234315798994752043e-25
6.894153391996616953e-25
7.077909037742444355e-25
6.317006182439760837e-25
6.696869281930023832e-25
8.583185920937391658e-25
6.547818292310105434e-25
5.234089966901840326e-25
5.123373268593840003e-25
6.840034636808317446e-25
4.603057667776380474e-25
5.313081856870800928e-25
4.938759357882637593e-25
4.880384950041368278e-25
4.210921300185887338e-25
4.144773230366820852e-25
4.672077229620236551e-25
4.122421111956376393e-25
3.602465641047795334e-25
4.236299218590368915e-25
3.476171521441609823e-25
4.013995376452599286e-25
4.099344488629626558e-25
3.688198409603932444e-25
2.925956883256733454e-25
3.052584321306687798e-25
2.694623075427208672e-25
2.566809114157116952e-25
2.298791492011665087e-25
2.169877653945777475e-25
2.343284540433704140e-25
2.265083647748730982e-25
1.912176082276049147e-25
1.966761626801257268e-25
1.553337460364572285e-25
1.806002283222245716e-25
1.251406437921761423e-25
1.396080259853442402e-25
1.491819508326438997e-25
1.459388269656959933e-25
1.642707454084095687e-25
1.519936902020992990e-25
1.544316856270037517e-25
1.340801689342967496e-25
1.096665438189120867e-25
1.096990363194450801e-25
1.152028891648343466e-25
1.081783639539109658e-25
9.448915078564082619e-26
1.289330466506591883e-25
9.157371886798359291e-26
1.059255085321258425e-25
7.237465245925254944e-26
7.105593071138081701e-26
1.018540048416586401e-25
7.374816098326375359e-26
7.042041300588728224e-26
6.901154120070310806e-26
6.742060594815840926e-26
7.581176542646167240e-26
5.656532468180497301e-26
5.560218439943017164e-26
4.843312833852798596e-26
6.430672633755573978e-26
5.745993793044431175e-26
5.639622430199439877e-26
5.129305400400741239e-26
5.115452000716688032e-26
4.454126086981915680e-26
5.666068058172717299e-26
4.070248247323638556e-26
4.658748084028869592e-26
4.772657923151452477e-26
4.422216359363428984e-26
4.605014363405820786e-26
4.631567572860547235e-26
5.062756271630434991e-26
4.080368723030746263e-26
3.394576938335269298e-26
3.257807008326981532e-26
3.287143853048451579e-26
2.926399978572889968e-26
3.486257554528573681e-26
2.446534789164258134e-26
2.455303980749303124e-26
2.332586765167796142e-26
2.741078276744922129e-26
2.232088782786826281e-26
2.872869987072026664e-26
2.489364025110473362e-26
2.327635598839511905e-26
2.025313712815683751e-26
2.106485584130607383e-26
2.199203526882108010e-26
2.170926731390559877e-26
1.679165168473245174e-26
1.994746875282511640e-26
1.761439365413962249e-26
1.672673025612859244e-26
1.681083661284165582e-26
1.304790633557797071e-26
1.439374018879235106e-26
1.104480578887724945e-26
1.491642433373934611e-26
1.448122459320060140e-26
1.214238506053488668e-26
1.178365571000314335e-26
1.215984344834450611e-26
1.282501974297953717e-26
1.242644608105067396e-26
1.246433149013013109e-26
1.466302967799711431e-26
9.493664532006060271e-27
9.347714884189174626e-27
1.007071190016585773e-26
8.643501931452994930e-27
1.098050604885015329e-26
8.940604852984605639e-27
9.924710823371643223e-27
8.456941865754660910e-27
8.844374481729873995e-27
8.531666489852824169e-27
7.614659701248382173e-27
7.793537855022217830e-27
7.635202607408251722e-27
6.891032813744709668e-27
6.979290569433620902e-27
7.905711551920786827e-27
6.544992458118007844e-27
6.858553675808394423e-27
6.499702837040583959e-27
5.428088019286777328e-27
6.446067074309447461e-27
6.390899441289432774e-27
6.500410856636376854e-27
6.901827503769832840e-27
5.123950858221887528e-27
6.300302620550554825e-27
5.399793155059831951e-27
6.629586593949746985e-27
5.124253265609382917e-27
4.086900904916065568e-27
5.609107326399215955e-27
3.998955572006522041e-27
4.781532829393466622e-27
4.378710032074119890e-27
3.857300415274645260e-27
3.841029703656775028e-27
3.806581663910361121e-27
3.835175656881246388e-27
3.986968498851066163e-27
3.817838403755800743e-27
3.469064870108646398e-27
3.220079284501202677e-27
2.959401466126445139e-27
3.441571565323791494e-27
2.732611748082241685e-27
2.962883545947751043e-27
2.641678017933855078e-27
2.795878797461145630e-27
2.680249894903250909e-27
3.022574225910017241e-27
2.700462963169676222e-27
2.809411731096474955e-27
2.412172590578462220e-27
2.420690207121255938e-27
2.275876506773364339e-27
2.325492953533927715e-27
2.266430351182211450e-27
2.010456632064106201e-27
2.268881002251235319e-27
2.005304165988029294e-27
1.851047264808851590e-27
1.859819839591885935e-27
1.786231819488853659e-27
2.097978313380375145e-27
1.732521036041670855e-27
1.901886750765691739e-27
1.498253400649709897e-27
1.765977704946935261e-27
1.744299297231045760e-27
1.817105943400826867e-27
1.725518473565648780e-27
1.541200077911784568e-27
1.521598265496068592e-27
1.577677986441022766e-27
1.474432021881409429e-27
1.384885241754144535e-27
1.383951508866503453e-27
1.388743528166136780e-27
1.210210880935146322e-27
1.261042209982266523e-27
1.152280574922580722e-27
1.217399670332581841e-27
1.134717581216528843e-27
1.051729730948919112e-27
1.164392108782545025e-27
1.051940863640517338e-27
1.177451457625669654e-27
1.037199848125786104e-27
1.033839219233855890e-27
1.046921250455521184e-27
9.825088497428771020e-28
1.010664935528569856e-27
7.244308065746121283e-28
7.437100574199332293e-28
6.812864946289394226e-28
7.566004002120923349e-28
7.661492400848116037e-28
6.863634716831140962e-28
5.956353095567030980e-28
6.162709000106262009e-28
5.907716406924308600e-28
4.754751477302129876e-28
5.244420928772175324e-28
4.662745697187401192e-28
5.394399338558061529e-28
4.257633033908121934e-28
5.255915666776095933e-28
4.545692635540455194e-28
3.990102696095606911e-28
4.203712657074241541e-28
3.553571773715625258e-28
3.268304492197958523e-28
3.326328056335650141e-28
3.304578715656613192e-28
3.139594180808186941e-28
2.527304244331819565e-28
2.936530460750647916e-28
2.577634350835747689e-28
2.228068430428782362e-28
2.460579088226020266e-28
2.005229392385788869e-28
2.356471065006904973e-28
1.920883891819898572e-28
1.915122430280656791e-28
1.686809258496368475e-28
1.795016785453344004e-28
1.517333767580964968e-28
1.562116748475726865e-28
1.417557460161476179e-28
1.432987765917831484e-28
1.311393717100857983e-28
1.494920978166088696e-28
1.071612666853961358e-28
1.162396267404741173e-28
1.051628355911916718e-28
1.090034545787874234e-28
9.031860303464784285e-29
8.321422820610175445e-29
8.981214992397662768e-29
9.231560261585727907e-29
8.320021513440407232e-29
7.035112882999527839e-29
6.859652207908183006e-29
6.224271198982242982e-29
5.496067410488415843e-29
5.036494630470978439e-29
5.133080791604662616e-29
5.227859207176935295e-29
4.846082702875850390e-29
4.674633654081290455e-29
3.703763457030471198e-29
3.882395554835830203e-29
3.865662859061725011e-29
3.447081290519358361e-29
2.941466603260696103e-29
3.200098004183995831e-29
3.023211507607431860e-29
2.748220457077287334e-29
2.598593990317346609e-29
2.690912114820693929e-29
2.214626651655411773e-29
2.351844899057758963e-29
2.153071542719876173e-29
1.975159419897281215e-29
1.852388890786774633e-29
1.565727605079885690e-29
1.717499555658450501e-29
1.576124634060752813e-29
1.384964945799350090e-29
1.297762417305263506e-29
1.287042489496926674e-29
1.299446045207927948e-29
1.137940515424251146e-29
1.080295603214300692e-29
1.023664203103764095e-29
9.763741003743347838e-30
1.019306157361389621e-29
7.801749077128386871e-30
9.478534781048326063e-30
8.034428418419926139e-30
7.967140738412801211e-30
7.901191883750442609e-30
7.972459012426410555e-30
7.701068838854098745e-30
7.596671487462035216e-30
7.027797834646640071e-30
7.160930480881240318e-30
7.234944526925656729e-30
6.947667873254736512e-30
7.335288840725785082e-30
7.863246625815953568e-30
6.774081605743072489e-30
6.554690370210760562e-30
6.459500696422995972e-30
6.574410921104591037e-30
6.783152939175238938e-30
6.792762701959701646e-30
7.650411102636914047e-30
6.914578805613361446e-30
6.310227398527226777e-30
6.313471232512579603e-30
7.396979226732281466e-30
7.265237528272613089e-30
6.734359334215090456e-30
7.816980442820479556e-30
6.822082617636427305e-30
6.620955485456169197e-30
6.934184551740429018e-30
6.376439442633524027e-30
7.751546490824309675e-30
8.296059920824221256e-30
9.917413059057516596e-30
9.043911977726009856e-30
8.002759555554475415e-30
8.151957463113970185e-30
1.298824783151933947e-29
1.048238816857643971e-29
1.421241338072301913e-29
1.371404439172542369e-29
1.591213969510730430e-29
1.783973242238163705e-29
1.229760351043829419e-29
1.990362810319700070e-29
2.066750947586395219e-29
1.418860676222386833e-29
2.009531556444652875e-29
2.290840822468796177e-29
2.569041447937209630e-29
2.470111234600370520e-29
1.562472451172339842e-29
2.585625828496009575e-29
2.221141949498090408e-29
1.968913952832788984e-29
3.219440569945219654e-29
3.094337291116204947e-29
2.918695894995396351e-29
1.816743050757090516e-29
1.756996913597646979e-29
2.125674818461245519e-29
2.015594024547383106e-29
2.109652093814897449e-29
3.801416280932210199e-29
2.127803735642297699e-29
2.647038096187662779e-29
2.782357716586830450e-29
3.338376364149719444e-29
2.582219341378581638e-29
2.008032858053978316e-29
2.261328558607642408e-29
2.639773782776427579e-29
3.181166330289791490e-29
3.714488194649571979e-29
2.983161026369595276e-29
2.159489409467563331e-29
2.773342281450219653e-29
2.920280136698367127e-29
3.563155283555526899e-29
2.810562027073971941e-29
2.387510101972574255e-29
2.882681614507646393e-29
2.834545919759028554e-29
3.138162264307114074e-29
4.141864223981702277e-29
2.852984500547980989e-29
3.170969135285096265e-29
2.557203548918589309e-29
3.632731715955571606e-29
2.502446113966233017e-29
3.447539549322652672e-29
3.227479469295542695e-29
4.498450799405320747e-29
3.576316335883365187e-29
3.615899320337204753e-29
3.364722563346039910e-29
4.058548440044944088e-29
4.406473556389292555e-29
3.541463732146068928e-29
4.327461340040078416e-29
4.266042017076270658e-29
4.050173185879938364e-29
3.763237213051280173e-29
4.871127210847851358e-29
4.703093767759379276e-29
3.681252362055465507e-29
4.763194106763137547e-29
4.519939575549371423e-29
4.023567103413984744e-29
5.458214311159720743e-29
5.492876887592264459e-29
6.447264635051120913e-29
5.123446070215609795e-29
4.814558001213791282e-29
5.344103879424672884e-29
6.066281839761208031e-29
5.218810474058138171e-29
5.405541945059014362e-29
5.910574572533030712e-29
7.197109246286614708e-29
6.044777608636077387e-29
6.159923917136079590e-29
5.802538180603754682e-29
7.060050241821452650e-29
6.376545745068628862e-29
5.618977173298544975e-29
5.545177971284373546e-29
7.154562349368951731e-29
7.388862682242360620e-29
7.226239409713117747e-29
6.518559021026259014e-29
6.508021783204770960e-29
6.904278082918987453e-29
7.197977141396572749e-29
7.499398682828599731e-29
7.888485367867165840e-29
7.565737961304829862e-29
7.712153173414402735e-29
7.380882605065957531e-29
8.332107260934985733e-29
8.352707089137548170e-29
8.008900989929014515e-29
7.079178593660229175e-29
9.599648017465614810e-29
8.147653742905539715e-29
7.465528022706445214e-29
9.780314268622549997e-29
8.782236788948978284e-29
8.589165686775090202e-29
9.389665970777517241e-29
8.951541840796022522e-29
9.804516254972555998e-29
9.919230303091057130e-29
9.495063878866827156e-29
1.199628504867893220e-28
8.332507641653129327e-29
1.140451389057245176e-28
9.740218446242659711e-29
1.153027132498204427e-28
1.050532562104094541e-28
1.095983118862828729e-28
1.220407236702157745e-28
1.101175023949597931e-28
1.085204946604761667e-28
1.501134775131697962e-28
1.181069942284497822e-28
1.258205171011778008e-28
1.235696233963740075e-28
1.241173303124813126e-28
1.311977033526006956e-28
1.221287946561229140e-28
1.245316905163431931e-28
1.424820169760507949e-28
1.557594126384604303e-28
1.360307599145218452e-28
1.498624565149030054e-28
1.365227799449854893e-28
1.388940810918761024e-28
1.633562314519959345e-28
1.343445063089814464e-28
1.540289477014441460e-28
1.656553954441511535e-28
1.465355749464948814e-28
1.501725989727355677e-28
1.563714102690384101e-28
1.516749521973015352e-28
1.583433555537276424e-28
1.384295336835774059e-28
1.492747307700069518e-28
1.409219260418775565e-28
1.738686728946771521e-28
1.561652729818364607e-28
1.676791038293616437e-28
1.856931168776176891e-28
1.759355973220872321e-28
1.560989635276382919e-28
1.698922600433101561e-28
1.658280054363176094e-28
1.699928375785508074e-28
1.704414858234352758e-28
1.789223897151928546e-28
1.819150531728199275e-28
1.580613475110034971e-28
1.686964268012246795e-28
1.765190073952962991e-28
1.771892291976697376e-28
2.036960785273889549e-28
1.703582725389999076e-28
1.811337854044304669e-28
1.967239683207403825e-28
1.752474497792973325e-28
2.117359645024098085e-28
1.559612717996082428e-28
2.048022152431770144e-28
2.010391794260048905e-28
1.852550597306483954e-28
2.015924625344847355e-28
1.751615513469726935e-28
1.557812901797264570e-28
1.551211052035670253e-28
2.032825913338270748e-28
1.747029015160597369e-28
1.764933759948848159e-28
1.803400407631034223e-28
1.817511858230411505e-28
1.625582495637168587e-28
1.988513137878487360e-28
1.949262264509199489e-28
1.806386594746858175e-28
1.678880159425290983e-28
1.808417350299615396e-28
1.867611768800088820e-28
1.449934092885679426e-28
1.973249421249388430e-28
1.485864299579266285e-28
1.699844443377952325e-28
1.851438764321259375e-28
1.861008201785157941e-28
1.795684342484903017e-28
1.566399281689072922e-28
1.774411827325287976e-28
1.781872636860723937e-28
1.673846200995358705e-28
1.427594492438265216e-28
1.638421872132061272e-28
1.698705324996790389e-28
1.889528323611415873e-28
1.556931920787906215e-28
1.766339661797837528e-28
1.736903136950434521e-28
1.521864854509137345e-28
1.989405213900892020e-28
1.699680825330557863e-28
1.591290150938829162e-28
1.807159725123158830e-28
1.739699078098050892e-28
1.830487317075603406e-28
1.628340907319515558e-28
1.780038337927482672e-28
1.658459816288419702e-28
1.700710322493203473e-28
1.382677991806497571e-28
1.378818337009286522e-28
1.346181609500120117e-28
1.478178567572244464e-28
1.356490985867776807e-28
1.482531839601025215e-28
1.310429904388197771e-28
1.433909456290463485e-28
1.239637093150991387e-28
1.164713418303343645e-28
1.408225028339276899e-28
1.321231362623862533e-28
1.271231534705826700e-28
1.126471363560046009e-28
1.302135754220481078e-28
1.063373759119682099e-28
1.094301496665879188e-28
1.068081906498961740e-28
1.128062170480980315e-28
1.104381235272781926e-28
1.052710400076488848e-28
1.145752577180744943e-28
9.699370977471318145e-29
9.491211848603694510e-29
9.137020133682956520e-29
1.010726925188063166e-28
8.092142896590769868e-29
9.833662712267598637e-29
8.764477010226738732e-29
8.177064797382174017e-29
8.047762004988592052e-29
8.866844013107329274e-29
7.682335078471016537e-29
7.781212436037964036e-29
7.532358567999662557e-29
8.669113216688610672e-29
6.916943960836489105e-29
8.113103458213661240e-29
6.974475736003494997e-29
8.434428443128139456e-29
7.071492210883005022e-29
8.022159308623119475e-29
7.632878177456129339e-29
6.784085009737940395e-29
6.983360141216121235e-29
7.348801507750053073e-29
6.631293099637022158e-29
6.976472573204722654e-29
6.548455662942261194e-29
7.488410450918881044e-29
5.743695459758148718e-29
7.430952018780793654e-29
5.670340773142518911e-29
6.204649834781695720e-29
5.481005658349337935e-29
6.591144720756098344e-29
5.067473143210269393e-29
4.773419298170949770e-29
5.011963681465624900e-29
5.146333229047168924e-29
4.086439046443960602e-29
3.948489361359457795e-29
4.574642653043006229e-29
3.930780551964666991e-29
4.011270695475186109e-29
3.478396146909075030e-29
3.248199984242346300e-29
3.377005736724119945e-29
3.671367908402171267e-29
3.311591040210370425e-29
3.153881642598402528e-29
2.859504415548281863e-29
2.413038056223294100e-29
2.692183137999095613e-29
2.615688414976698605e-29
2.875320547848097447e-29
2.570936551424969295e-29
2.406603047369463043e-29
2.405398452832200057e-29
2.113287322007759487e-29
2.234951288793405072e-29
2.058683331700693589e-29
1.698949412673970451e-29
1.849446744393197587e-29
1.781856212403197216e-29
1.631405898484321169e-29
1.595656224829572975e-29
1.482698860338101488e-29
1.660963883416838438e-29
1.442411938570767603e-29
1.456599493762272901e-29
1.303504531887164611e-29
1.265730837811012280e-29
1.220681956745672503e-29
1.125464812591637804e-29
1.104654579812987909e-29
1.053062654372071820e-29
1.063664527854999058e-29
9.692518084045140699e-30
9.098355949820442040e-30
1.010489373252878550e-29
9.386485261649905671e-30
8.951514554996111950e-30
7.740413420151418723e-30
7.759702985861704937e-30
7.450361503038229246e-30
7.220500756499102571e-30
6.987969428939416308e-30
6.842647328327544078e-30
7.836046763091800718e-30
7.240268620588291570e-30
6.528193530827559588e-30
6.803144159631174347e-30
7.289534850087650269e-30
6.585219163736094843e-30
7.136872578256868033e-30
7.055457132567553188e-30
7.898131524020873322e-30
8.964544556400505422e-30
7.821776899344933963e-30
8.176342068606703009e-30
8.792680940828995230e-30
9.952340018708267229e-30
9.528898390724017388e-30
1.031634557051566345e-29
1.049896877718325941e-29
1.148258688762574529e-29
1.076159302958150383e-29
1.122620336666277741e-29
1.330492403156157804e-29
1.398354936302055912e-29
1.500210595304824151e-29
1.411132449963048392e-29
1.811402619717205205e-29
1.805542302865755113e-29
1.719378957793206251e-29
1.957698615553997980e-29
2.090218388642516071e-29
2.232147892208761715e-29
2.368306681585196143e-29
2.266429782047891587e-29
2.704491315947975225e-29
2.676377670196513541e-29
2.810518424491341582e-29
2.932596059179876141e-29
3.204162456775319874e-29
3.861678472069842468e-29
3.412619802841354695e-29
3.630416844976789744e-29
3.764030725972935969e-29
4.382997683153908703e-29
4.311147859081619429e-29
4.471158595688342378e-29
4.947325896156482976e-29
5.175851958509560348e-29
5.492865895501073436e-29
5.373959462322244356e-29
5.772461403772151578e-29
6.249221728473731084e-29
6.476870653696432927e-29
6.436212996481586070e-29
7.170523664815245794e-29
7.054712870583742055e-29
7.481498019204557346e-29
8.400259927677102806e-29
7.849831734611599934e-29
8.444391488339398337e-29
9.757350065101117087e-29
8.777230440813696858e-29
1.071568517023026118e-28
9.909627883446912926e-29
1.143287061989095977e-28
9.787082272210308793e-29
1.249794974144244732e-28
1.214380783846592177e-28
1.383578428033280615e-28
1.296109432417630968e-28
1.498600397958701342e-28
1.344559982338168472e-28
1.387800188246244636e-28
1.481939491043373187e-28
1.699225065433256777e-28
1.552171143653903070e-28
1.609406683579090215e-28
1.579970143998708239e-28
1.865031150415352426e-28
1.993290990235877214e-28
1.953511441046717556e-28
2.063292634492709887e-28
2.209913023908876151e-28
2.279772996393070564e-28
2.280485543755832997e-28
2.155293325424294258e-28
2.493743689149691252e-28
2.300665548675730563e-28
2.748118155356499083e-28
2.616472041260643768e-28
2.576707130845972978e-28
2.652661973651100238e-28
2.404849636285256531e-28
2.600341854085810646e-28
2.935552115495170195e-28
3.079419545744358705e-28
3.075427371125154679e-28
2.938145972125660343e-28
3.429198447011226550e-28
3.272204027065249859e-28
3.365334758788744648e-28
3.256736894760213835e-28
3.857785235912100836e-28
4.118429269939963471e-28
3.534568350548414092e-28
3.975838511183900935e-28
4.325943711075583321e-28
4.170116222804798123e-28
3.572691948634193214e-28
4.168530132396040367e-28
3.992784645057403075e-28
4.285632416592598399e-28
3.930071817921922474e-28
4.138543188100773403e-28
4.453222291638023010e-28
4.450162933895727683e-28
4.542107127327577695e-28
4.723261701078544740e-28
4.809131843095264235e-28
5.251519371867079179e-28
4.701059759867077824e-28
5.280344612868091788e-28
4.872686258455191552e-28
5.532278902482275014e-28
4.856918422934773657e-28
5.573666560997103212e-28
5.566132020655661569e-28
5.097839852045589396e-28
4.688250089329428605e-28
5.775518710924918937e-28
5.273035893680502520e-28
6.037486520663722169e-28
5.745621861151217664e-28
5.913869564744905613e-28
5.736451236657161963e-28
5.173162660620245349e-28
5.529500464681747049e-28
5.930155826412960126e-28
5.897505383995647730e-28
6.248709876913428422e-28
5.362670308741189673e-28
5.959242415572256881e-28
5.151906787731520856e-28
5.020720375232240685e-28
4.992772235703470751e-28
5.614621204658368747e-28
6.083812230809387164e-28
5.603774624133796065e-28
6.065804459260652541e-28
5.889976515088518889e-28
6.405174047099709229e-28
6.158504810890721466e-28
5.309999025522560999e-28
5.513602745454366264e-28
5.566583567999752272e-28
5.676352575211432895e-28
5.382668775546087533e-28
5.672319627655751844e-28
5.408592064828445285e-28
5.331261292166971710e-28
5.267404354226176355e-28
4.932253760593645074e-28
4.761729226317610890e-28
4.971906251429460931e-28
5.103604424344228561e-28
4.689772704023268401e-28
5.126058469879184651e-28
4.411991663194290855e-28
4.653259049883484215e-28
4.461741555977577816e-28
4.572072291630842777e-28
4.461984801190586995e-28
4.395418968352031883e-28
3.994588822433230006e-28
4.504549318705722019e-28
4.353569807644287812e-28
4.159632641275463205e-28
3.742059283740546272e-28
3.613444182578168341e-28
3.478991610142378101e-28
3.741841710729758735e-28
3.149639574927511279e-28
2.661580453840186234e-28
2.918085281365624813e-28
2.773360932624282545e-28
2.240649143670674646e-28
2.055972383471578709e-28
2.046783034435976858e-28
1.944561186844541778e-28
