8.601338397220763255e-17
4.451885312303591344e-21
5.877756984304916965e-21
7.038148214973370125e-21
6.463043797336998862e-21
3.293605596283106562e-21
7.677510355840280250e-21
7.463880859903632589e-21
7.221926473185433683e-21
3.750021862891890353e-21
3.493589041943731036e-21
6.746776728046614648e-21
7.192250634535724110e-21
5.167562756879316981e-21
4.659715975591608697e-21
5.174337785847154190e-21
6.807552570502239484e-21
6.139001644763811317e-21
7.034512343561528437e-21
4.533979037970486685e-21
6.135743549282564949e-21
5.366884540442883266e-21
9.062184785482556225e-21
8.124784684194614437e-21
8.858589577448177676e-21
6.961519113840213054e-21
6.322863546897121317e-21
8.752821602113608352e-21
8.035944650425525750e-21
8.110411878143691204e-21
9.812507571643292883e-21
8.367420743884098411e-21
1.058951526498884594e-20
9.124629086224874308e-21
1.133863519835185329e-20
9.541351055417533625e-21
1.128894967671306246e-20
1.254651416139649232e-20
1.119853442722385829e-20
1.312327920667352770e-20
8.837331248726858502e-21
1.693713511344664224e-20
1.224973416692687037e-20
1.057688028753729399e-20
1.721591595739838018e-20
1.463364010638124094e-20
1.573958987177053405e-20
1.770032584079233848e-20
1.037854499464825317e-20
1.189484137251321749e-20
1.349399080118848116e-20
1.659510710038223429e-20
2.029954194786946788e-20
1.844000495813765299e-20
1.664208881293064275e-20
1.791487009394360679e-20
1.927466892703196671e-20
1.899779356157779259e-20
2.233701714012881642e-20
1.820286695436152080e-20
1.738963135254377661e-20
1.734133738584616030e-20
2.126423240343006954e-20
2.374605396366501093e-20
2.529835196590191736e-20
1.886489728098725658e-20
2.467857468736131081e-20
2.291462674081081308e-20
2.825563760525630935e-20
2.962333163054460104e-20
2.104823095323721152e-20
2.246651477765289764e-20
2.620133105642401051e-20
2.299565473017640258e-20
2.049488121844967493e-20
2.496415162377528856e-20
2.687627673653606715e-20
2.574893653771816851e-20
2.952862359762719460e-20
2.821690894254206276e-20
2.604660727900260069e-20
3.092934499683478768e-20
3.495846511320408493e-20
2.876478235431087633e-20
3.570292993151129922e-20
3.683253715922166757e-20
2.840811520847960131e-20
4.058540247887616404e-20
3.641750133084030716e-20
3.435747708382014846e-20
3.743025445113999962e-20
3.976856700012587722e-20
3.608189070328630813e-20
4.062405353521214663e-20
4.539739747248099009e-20
3.710499301118968535e-20
4.142041143698339697e-20
3.537248644817261009e-20
3.839784589725862437e-20
3.949493197025178889e-20
4.443487204244025241e-20
4.574619184550336821e-20
3.942660581459930452e-20
4.262202784873867316e-20
4.648205067812558418e-20
4.781207291472467148e-20
4.147038961674956969e-20
5.009409183877109674e-20
4.978895708914669472e-20
4.427598407027073585e-20
4.452574564431414002e-20
5.225293513540398298e-20
6.477604063451215645e-20
5.280264983493815296e-20
5.307818334811866145e-20
5.048415999890014767e-20
4.993070300463492019e-20
4.870729852997236961e-20
5.546493841053517794e-20
5.347061950945740502e-20
5.543708742218648663e-20
6.943457082455177694e-20
5.661144879023830615e-20
6.098745269221660377e-20
6.424744994951860064e-20
6.144090719339536081e-20
6.445568347052885457e-20
6.613724918445589564e-20
5.781957272441551579e-20
6.576434607783215767e-20
5.550720055571020773e-20
7.072494070878945596e-20
6.301670887079799801e-20
6.069335574732248225e-20
6.657400800462168147e-20
5.821335217660303330e-20
7.985742471942012910e-20
7.377929220848737124e-20
8.243829216570810784e-20
7.382558934801251692e-20
7.969920044053486890e-20
6.999170212929491154e-20
7.162764771927431032e-20
7.206805574909634002e-20
7.416128580442802186e-20
7.512164944977383579e-20
7.219331509545982521e-20
7.553693450557471679e-20
7.406372776495530586e-20
6.470278912814979178e-20
8.763977247494950592e-20
8.131105471125177025e-20
8.088896834175675995e-20
8.830436395370885571e-20
7.614784615042791878e-20
8.301960593971679143e-20
7.976592008203972804e-20
7.955806515566747738e-20
8.787834619057618267e-20
1.005719266675229199e-19
8.151311978313270661e-20
8.812790974954024557e-20
1.107511285925843363e-19
1.012965981392748294e-19
1.011205953489268480e-19
9.574296924358710315e-20
1.079442239748755226e-19
9.276250730567886633e-20
9.917835458123930292e-20
1.068700060331797179e-19
9.512360971972046439e-20
9.640102632298559155e-20
1.048364949325769648e-19
9.994180567294941028e-20
1.073491518412222508e-19
1.052151403127770013e-19
1.102955057014542602e-19
1.003938939119602331e-19
1.078286135333019206e-19
1.150122455780458332e-19
1.081450683119724960e-19
1.166771976334736100e-19
1.203241542718459864e-19
1.264799355823843019e-19
1.105637225871655789e-19
1.287921149035754763e-19
1.300000493299394058e-19
1.369928430543626754e-19
1.334040441247834479e-19
1.412508830546138624e-19
1.300191698631187991e-19
1.278907719621476488e-19
1.525056373407206192e-19
1.333424744622052888e-19
1.328916528503294307e-19
1.493122609251246084e-19
1.391078144913441884e-19
1.380898143328883657e-19
1.456007850479802155e-19
1.324833430841139703e-19
1.276170789885712579e-19
1.397207026744993666e-19
1.531455451977139789e-19
1.540510154329024471e-19
1.467877227208601986e-19
1.451541963911729073e-19
1.445760090405276633e-19
1.629067380248154430e-19
1.597867094451994983e-19
1.845411567918500338e-19
1.691403988102666648e-19
1.540270908085313352e-19
1.702781779828935391e-19
1.531376804211666787e-19
1.651464865699852713e-19
1.776892580518908623e-19
1.597669571753769355e-19
1.766241072248941362e-19
1.727280457133673469e-19
1.954459030172570029e-19
1.781265876175755733e-19
1.973670896358798872e-19
1.773945592790659473e-19
1.704158532827873308e-19
1.845407165627051049e-19
1.679361646652949035e-19
1.890476689137029227e-19
2.044373120496938953e-19
1.931901495130008552e-19
2.108243993928281405e-19
1.786853821281204895e-19
2.174653141274405428e-19
2.002736929513159339e-19
2.217077109969663816e-19
2.035712250259585138e-19
2.001183695913627965e-19
2.176278637506062843e-19
2.113899866456563970e-19
2.467573597118961368e-19
2.123529842776638691e-19
2.248821363909462301e-19
2.590562160437628099e-19
2.268790686116103911e-19
2.303508664912854627e-19
2.288893828293291959e-19
2.402748348208104090e-19
2.273356077333436308e-19
2.383019954818113000e-19
2.492883663204730896e-19
2.464874932236552467e-19
2.793920406344924872e-19
2.491250929435859920e-19
2.464350707112031547e-19
2.493803860977276638e-19
2.459475374452351299e-19
2.469564956355549814e-19
2.928929661843341584e-19
2.757026422472660094e-19
2.508930720353728672e-19
2.773467010023370897e-19
2.797444706185511934e-19
2.813071374299170359e-19
2.987144610339312678e-19
3.317675707813182851e-19
3.192388959171159582e-19
3.251104922770815267e-19
2.891906853205975885e-19
3.554084528706599021e-19
3.488819136460238217e-19
3.138393950129552224e-19
3.047139303123472474e-19
3.363486265298672589e-19
3.401648654547771105e-19
3.167264001470240996e-19
3.159053979471748387e-19
3.448239987762292728e-19
3.601455716052987947e-19
3.364237069351664478e-19
3.566112913012812140e-19
3.644925291561390296e-19
3.583726839904563941e-19
4.210555138428168388e-19
3.891089863341291095e-19
3.973364844487213486e-19
3.716578258622039338e-19
4.407340374299265961e-19
3.870943865126440402e-19
3.751347181249113951e-19
4.721233609147451759e-19
3.989594386733113516e-19
4.041393293657882322e-19
4.547033642160871762e-19
3.972827196524031976e-19
4.596420071580393556e-19
4.431429602759078035e-19
4.105028777290834590e-19
4.785348548254211428e-19
4.927573237984757514e-19
4.703402125582029962e-19
5.045267983495509780e-19
4.838173304485985775e-19
4.702492461855912074e-19
5.168761130410664925e-19
4.867154375793820679e-19
5.052985619761133019e-19
5.150514901971640569e-19
5.410132218161948709e-19
4.971262611088834514e-19
5.213248288233344069e-19
5.501582374229548866e-19
5.401608220103959373e-19
4.743891388965164753e-19
5.795918510633505972e-19
5.200818158139374965e-19
5.178139802144401538e-19
5.817952073261159347e-19
5.847526717901091770e-19
6.857240353633097956e-19
5.449948261984148884e-19
5.993272384143289741e-19
6.337953922467252764e-19
6.120251805880445914e-19
6.146758299663011840e-19
6.550831100509999873e-19
5.870026295799324800e-19
6.850113453483676003e-19
6.019791981794852133e-19
6.317627522607263503e-19
6.253681345581721251e-19
6.464536773871901784e-19
7.328450198594011583e-19
6.621246197675307223e-19
7.571969197726596292e-19
6.432898137433306273e-19
6.868662497316907940e-19
6.552095577656036488e-19
6.954793390932565270e-19
6.997818656059320644e-19
7.962521827690818315e-19
7.676466224799893514e-19
7.107388506568916453e-19
7.639480409907498168e-19
8.439593081193048082e-19
8.134501275032355628e-19
7.066232467018903958e-19
7.532471798038430061e-19
7.357177463594646657e-19
7.938933256781291905e-19
8.459072261565790744e-19
7.786821019335984195e-19
7.531518133054375725e-19
8.458295392493116374e-19
8.825714194436419915e-19
7.839298494838092436e-19
7.650416085172749210e-19
8.270186323366445290e-19
8.459854872305538907e-19
8.383137692315282361e-19
8.949892995574926728e-19
8.928585400129790854e-19
8.125978771518971777e-19
8.409186303397354757e-19
8.399084060935261300e-19
8.915768328059641687e-19
8.497016785775144265e-19
8.749875806819627082e-19
1.014388868841994821e-18
8.908108650777152344e-19
9.049186227282664968e-19
9.306509515198137307e-19
8.491965273261890865e-19
9.369295511908853556e-19
8.445865686385679623e-19
9.188177029933462458e-19
8.157835469663550813e-19
8.681754580745116901e-19
9.003072368160610696e-19
9.525720883263840014e-19
9.311067550316720320e-19
9.681171747310835646e-19
9.592675705295462134e-19
8.608488538158998784e-19
8.490171559292442843e-19
8.555669757431298130e-19
9.194626565545725136e-19
8.977307078722951195e-19
9.423869384073938148e-19
8.174961642448867597e-19
8.368198228692817429e-19
8.411744514337176334e-19
9.022871283710279176e-19
8.713645653315984107e-19
7.796571053722269358e-19
8.572191341490208616e-19
8.332235314858413349e-19
8.289814284740973353e-19
8.445911491089157635e-19
8.149609834694453153e-19
7.907099020793629666e-19
8.059622893160358860e-19
8.082815131697386697e-19
7.589349036918327225e-19
8.409387726129426767e-19
7.601788152882662794e-19
7.615643924433061223e-19
7.001885135378667207e-19
8.022246131900751605e-19
7.502139585542724082e-19
7.166188563040028395e-19
6.721680694936066472e-19
7.207620933192832132e-19
7.026993305810378193e-19
6.720820187890141176e-19
6.816227998285406960e-19
6.664908764289758883e-19
6.845656378771207544e-19
6.627488577091321808e-19
6.513250203147061442e-19
6.284274682450844238e-19
5.928625987178283947e-19
6.149380818155681853e-19
5.976667634601952110e-19
5.899768209121608732e-19
5.521434320482575031e-19
5.645463897798210198e-19
4.785504941585385321e-19
5.474792543680691010e-19
5.097422848160217311e-19
5.244537392455469368e-19
5.022852259296898012e-19
5.037920146323763239e-19
4.620595697661524722e-19
4.325261337179565348e-19
4.624359667932524378e-19
4.388533975193045633e-19
4.057698630402502242e-19
4.027673910211401902e-19
3.904422687418239651e-19
3.634982880545190262e-19
3.711266100674802240e-19
3.661863616069432786e-19
3.503572881673875093e-19
3.192420724719073871e-19
3.217042659775782643e-19
3.148062756313340311e-19
3.106744938857122539e-19
3.413913519781004830e-19
3.120837979373901415e-19
2.741927750121398930e-19
2.652445634515531159e-19
2.530883313828067663e-19
2.563479697676808030e-19
2.063317887719050334e-19
2.350902063284539696e-19
2.153985340887998372e-19
2.043047919060856117e-19
2.068185589110030370e-19
1.839340860776854284e-19
1.835185091617416929e-19
1.852121340683694464e-19
1.709168065742357146e-19
1.802509150416363445e-19
1.510265811554435755e-19
1.511417023940351894e-19
1.429632505544722321e-19
1.291594275444941913e-19
1.293131418006784896e-19
1.131856925088644777e-19
1.200213170881902432e-19
9.982421071704615769e-20
1.093028500477294341e-19
1.053368901941704011e-19
9.292099570166645155e-20
9.173232255251031180e-20
8.097967052041407180e-20
8.554270111805471572e-20
7.197823319183206209e-20
7.011712647333780122e-20
6.995496139176571015e-20
6.579184517730246000e-20
6.466829131082488198e-20
6.587242141826049251e-20
5.829946227775817096e-20
5.461216746613686759e-20
4.679769602751887390e-20
5.254741092684834033e-20
5.014949368429671870e-20
4.529425379026900592e-20
4.780500392648962649e-20
4.576424864783511487e-20
4.470290598740449454e-20
4.746657628803400190e-20
4.579823158925181761e-20
4.728599593065995817e-20
4.752910121099995493e-20
5.126207929548766710e-20
5.184324256340110562e-20
5.718054773825066817e-20
5.521554038250109976e-20
5.755367643788143194e-20
5.896166553898090359e-20
6.455458623008572476e-20
5.953295158172671600e-20
7.848425203998549308e-20
7.477715674779497759e-20
7.905463499737251484e-20
8.577648210284618755e-20
8.412809047684101961e-20
9.435121083605391638e-20
1.039160341707735273e-19
9.662740210321702887e-20
1.177855872385274093e-19
1.235105978593943857e-19
1.261698104665026838e-19
1.236807599740843077e-19
1.396124663965620609e-19
1.572175512094625908e-19
1.651427422856042091e-19
1.746759876844179622e-19
1.780231657445410871e-19
1.852611854335532821e-19
2.024185525154293558e-19
2.232127975289928769e-19
2.210684387448170420e-19
2.364894517599358833e-19
2.427265768025917097e-19
2.528841938359160350e-19
2.823122239580401843e-19
2.987696326524629336e-19
3.036938553934573372e-19
2.954838789345273617e-19
3.396905592477298616e-19
3.398337548603894787e-19
3.692431083928678821e-19
3.650717063274056961e-19
3.923281939446219722e-19
4.061463812088431335e-19
4.491428977460891488e-19
4.335766146037579363e-19
4.394488760949833003e-19
4.866696503376748235e-19
4.945691870173310177e-19
5.086516951767084462e-19
5.567719916410094163e-19
5.865645708628820008e-19
5.815395647863818794e-19
6.010756590350585133e-19
6.388333203166079050e-19
6.217064617215854124e-19
7.212340422640866093e-19
7.647317529941624594e-19
7.553986501468491213e-19
7.829519390808498668e-19
7.856471263577870552e-19
7.630042046351819491e-19
8.508100459236131527e-19
7.951476551977344715e-19
9.338311092890244609e-19
1.000495796637444146e-18
9.673491716182528284e-19
9.620603586278499602e-19
1.043854606927751610e-18
1.054803886363157886e-18
1.078919062583363618e-18
1.107078998699154224e-18
1.135136331535461243e-18
1.169600168488215416e-18
1.203421899542585383e-18
1.362679296356157313e-18
1.206756994071458196e-18
1.369185387411082386e-18
1.328151040801409650e-18
1.487503465380502720e-18
1.457599000656658677e-18
1.522684386529666968e-18
1.579616973613267202e-18
1.568554163197113545e-18
1.610097677127320419e-18
1.696858188191440336e-18
1.653705336160544443e-18
1.772559059236524577e-18
1.722627515068867469e-18
1.860020239417320655e-18
1.962070043682252177e-18
2.111494924913070942e-18
2.070963954438334477e-18
2.060352417530765650e-18
2.030601775392087582e-18
2.401114420629352173e-18
2.105365619933171452e-18
2.276846789932125146e-18
2.287429525369224852e-18
2.549410834035852164e-18
2.498373368346495049e-18
2.464680064002882365e-18
2.660734673442654997e-18
2.649443138543558714e-18
2.906648188647404228e-18
2.607467132708611118e-18
2.907952356184294025e-18
2.874491590671255584e-18
3.087522555370069643e-18
2.835750864725262611e-18
3.020867778960643635e-18
3.122614603219366899e-18
3.188360327025144603e-18
3.469602995334566146e-18
3.404660698376965062e-18
3.330104593062673085e-18
3.499808503604228577e-18
3.656369185491951843e-18
3.732976761191074582e-18
3.636901240647998546e-18
3.675078925991167636e-18
3.532846477857398364e-18
3.769578679828058701e-18
4.096965697067555753e-18
3.905774514699072292e-18
4.391124387239062855e-18
3.963865049322204115e-18
4.370887106992630431e-18
4.193544443117226825e-18
4.755409784790931047e-18
4.865166546222726488e-18
4.552541481505884084e-18
4.361112953812748335e-18
4.480029491700968622e-18
4.629454962144691686e-18
4.729771069604487501e-18
4.959529087843512282e-18
5.148532699983576799e-18
4.939503248216681449e-18
5.264881060068403383e-18
5.325807164944504639e-18
5.333384552184296275e-18
5.281283378828410534e-18
5.284705222115489769e-18
5.550863751466171795e-18
6.040620692812028961e-18
5.632055319207000782e-18
6.171419548051171599e-18
6.197356515052985538e-18
6.266789279256933416e-18
6.262966397015012221e-18
6.177541134086695227e-18
5.709359040001898336e-18
6.167486163559382144e-18
6.623166675530233998e-18
6.425023600602560129e-18
6.403333212205375119e-18
6.631665098405751107e-18
6.845146441221856380e-18
6.993981600350090270e-18
7.001735800841828957e-18
6.566038632607544399e-18
6.424398982176745551e-18
7.282410782183734209e-18
6.944461743235408439e-18
7.109905929096013538e-18
7.650941947003329998e-18
7.350561111367124540e-18
7.462011748188555893e-18
7.625600656404870387e-18
7.466844990622493603e-18
7.741794599999020771e-18
7.758418380194304271e-18
8.036544520873993902e-18
7.743217891160284106e-18
7.876452436456159114e-18
8.018162086155013402e-18
8.548355869356753004e-18
7.628636628524201064e-18
8.016104857378774634e-18
7.776875023089763481e-18
7.882822718467459516e-18
7.778922554474247531e-18
8.266711574721820779e-18
7.918298962411979054e-18
8.382357003777958468e-18
8.359685633258482918e-18
8.259861224429330579e-18
8.474352934633056359e-18
8.143465357219822067e-18
8.241966268216361817e-18
7.842434974673417854e-18
8.337234744810384744e-18
8.074842297177610110e-18
8.153892646034382985e-18
8.445645796961277534e-18
8.612913180553153972e-18
7.956876736969900438e-18
8.888272630520909679e-18
8.488444352924457817e-18
8.585341404852399180e-18
8.258932960903402659e-18
8.508242807964332435e-18
8.850732734217088094e-18
8.465174970691090356e-18
8.584269097732533327e-18
8.093372292559966125e-18
8.072363143847898452e-18
8.856300137976036731e-18
7.809558415692168499e-18
8.170790168924042607e-18
8.711427597496241583e-18
8.424078903965752002e-18
8.261828790059884843e-18
8.502483973755000712e-18
8.418877074939204861e-18
8.472417669606987819e-18
8.440879741245125917e-18
8.347668986480439018e-18
8.510888476847456417e-18
8.368418028120011399e-18
8.005788800560195351e-18
8.214999975986448317e-18
8.399555266879497393e-18
8.476563178950168534e-18
8.529096416184804276e-18
7.461123378722345208e-18
8.095610196992895431e-18
7.777997921073783069e-18
8.235480002567208718e-18
7.856483739823227078e-18
7.744782720671420483e-18
7.897875175071720476e-18
7.739123726832211644e-18
7.042014672639603533e-18
7.867987523497683439e-18
7.700529616518643204e-18
7.429496137435101212e-18
7.261372762392614576e-18
6.991319300952489816e-18
7.133820845011162402e-18
7.025758863983530359e-18
7.514496411960371720e-18
6.853454447048931656e-18
7.643687306656129722e-18
7.487016950392960849e-18
6.901753849866101657e-18
6.664435654628337832e-18
6.702739583308988395e-18
7.142820063760609907e-18
6.592619087250687616e-18
6.530780606437478482e-18
6.484991069133683883e-18
6.524654191844416819e-18
6.323590989960667774e-18
6.407442423516615267e-18
6.446639108857391777e-18
6.055029371075142599e-18
6.414518766375335418e-18
6.209283683521122654e-18
6.049950933706686593e-18
5.793900042329778938e-18
5.963605379150566101e-18
5.782135959017699511e-18
6.040039886929542693e-18
5.776891503067862307e-18
5.665628292151395604e-18
5.724902623038280048e-18
5.780380815508611399e-18
5.631628666002095020e-18
5.329114692627864042e-18
5.292235829442984067e-18
5.231772471600148162e-18
5.379097127942392819e-18
5.679405326628088782e-18
5.397579703422449666e-18
5.193602565803102981e-18
5.066690874692738482e-18
5.230577190684149208e-18
5.031001312785924209e-18
4.822343742289103404e-18
4.603603343414258565e-18
4.701909671621278631e-18
4.576552042102169329e-18
4.392119879601738468e-18
4.790552882230877247e-18
4.245734192447014371e-18
4.259297690909829316e-18
4.248709382770178437e-18
4.401607996958011840e-18
4.128479198153652112e-18
3.934787991391059766e-18
3.912819891251938087e-18
3.843677260881006277e-18
3.822306908708814942e-18
3.863754772036165656e-18
3.506969686138047795e-18
3.706688390988799785e-18
3.470396343205335305e-18
3.453229689594757634e-18
3.403449201205611294e-18
3.322836681489953273e-18
2.957071020380478931e-18
3.323585228773895885e-18
3.318686385374705175e-18
2.943317489234845765e-18
3.240863288537646391e-18
2.973606140967267723e-18
2.815313158644057007e-18
2.981486484687865405e-18
2.855930614498989688e-18
2.829806500492290863e-18
2.776577690697413807e-18
2.567993079441396290e-18
2.494585937137162145e-18
2.567379504474904680e-18
2.317285162986045871e-18
2.245501967902651360e-18
2.242586550954434808e-18
2.310666612134406522e-18
2.209423718551255290e-18
2.168361734795117571e-18
2.100658174426382146e-18
2.098195690855526384e-18
2.087607995915984965e-18
1.852096542687565958e-18
1.834198026233170781e-18
1.899689505752183934e-18
1.706281239681303224e-18
1.743634346854226835e-18
1.664859216849369380e-18
1.753701084534714060e-18
1.600254261018636236e-18
1.630548840862326603e-18
1.446662406949714117e-18
1.436561925136679270e-18
1.384813172092957143e-18
1.323553800355232474e-18
1.300266965474907425e-18
1.187893412219767921e-18
1.204456659288341156e-18
1.182369400649672018e-18
1.125218418061195742e-18
1.057757011630368020e-18
1.068978080121877729e-18
9.797415911868976441e-19
9.199004733587828332e-19
8.802440014266586427e-19
8.121279285693828575e-19
8.129205179528975705e-19
7.275673113586738419e-19
7.359482654588554410e-19
6.964620111657567854e-19
6.676815257935494899e-19
6.673828785756040064e-19
6.240042686063738108e-19
5.728012471042176817e-19
5.346329549946470962e-19
5.215561087802190110e-19
4.958232546960352405e-19
4.447658756342964899e-19
4.183171392472912200e-19
4.087231947619027184e-19
3.718376553425495031e-19
3.786474894224106131e-19
3.655325958328420306e-19
3.314923557246001610e-19
3.035994234264459962e-19
2.987203603878327883e-19
2.740461395806851233e-19
2.660607689671275147e-19
2.535763125369315858e-19
2.421749544321397009e-19
2.247748376393268531e-19
2.166900124393558065e-19
2.195529871609159537e-19
2.009695488467644944e-19
2.063727649824675902e-19
1.938383002027292642e-19
1.923074866899644084e-19
1.923887238226749602e-19
2.034758409774464061e-19
2.010627248007735346e-19
2.039125848266640152e-19
1.961718628383551665e-19
2.135183983086444971e-19
2.204839271659803477e-19
2.263261165753458621e-19
2.329385035215647434e-19
2.570371560832126111e-19
2.533738749250879988e-19
2.758320222071731099e-19
3.051230853410537017e-19
3.193707477824224299e-19
3.399817753731923860e-19
3.319902270452673825e-19
3.826004892793777331e-19
3.868456523129485632e-19
4.328670083197323739e-19
4.528848171340092295e-19
4.753188264985472175e-19
5.367926711828885668e-19
5.508999073474851982e-19
5.683336534953523953e-19
6.216932458000215857e-19
6.466976461196721760e-19
6.830500561201953446e-19
7.527661844358378453e-19
7.504359137336827786e-19
7.842494088192261153e-19
7.955169309269956549e-19
8.768182332169393431e-19
8.863344507746494196e-19
9.515882893103746519e-19
1.033788442503711790e-18
1.131455146760031902e-18
1.095520672357007458e-18
1.203083204056001773e-18
1.168213638625943923e-18
1.312835370600543073e-18
1.420265015979394534e-18
1.379265549307364290e-18
1.488944034593078074e-18
1.611992536207785494e-18
1.566242663720018789e-18
1.691637399767239114e-18
1.691965801276346620e-18
1.748751508520299511e-18
1.900066639378841514e-18
1.916015393195360717e-18
1.999944082308067188e-18
1.910829578286250895e-18
1.979002223725194592e-18
2.192689362289616444e-18
2.321005610306115913e-18
2.356850585224440415e-18
2.414573894246257900e-18
2.504793450456920169e-18
2.423592993991532197e-18
2.724267204311400454e-18
2.748784355915281179e-18
2.733980702029208128e-18
2.697526215955262019e-18
3.006901112358743378e-18
2.929926157305133524e-18
3.032865133461134231e-18
3.172962117933022117e-18
3.159696711630898223e-18
3.176939075309873819e-18
3.434518830685499769e-18
3.433310522333592791e-18
3.580146147740174321e-18
3.555810432039190302e-18
3.660781474174992351e-18
3.734482391443995446e-18
3.667697386858729198e-18
3.699013712380925133e-18
3.808953684407058672e-18
3.881234679677572561e-18
3.865734937402074508e-18
4.026206345602564469e-18
4.114338801308468241e-18
4.222815886219980336e-18
4.344046507545096126e-18
4.492997231390666559e-18
4.658831806111873127e-18
4.612782362416696890e-18
4.701546012697397144e-18
4.943764711221300907e-18
4.809099153930495263e-18
4.841529621495592114e-18
4.868665464568718462e-18
4.766148172336947742e-18
4.799687019747209294e-18
4.905580851714772242e-18
4.539202891305828509e-18
4.854439443248005383e-18
4.871138245447413262e-18
4.706656062307793092e-18
5.054937383522206123e-18
4.960985956878366072e-18
4.663166376451761377e-18
4.877249397115200972e-18
4.737674347484769497e-18
5.072081579769625459e-18
5.124829480106164531e-18
4.911518357677335305e-18
5.091733253633856922e-18
4.669444623960060183e-18
4.893901637992624611e-18
4.938743517321093723e-18
4.907960442039258141e-18
4.844109345346462948e-18
4.809895695706427364e-18
4.745958434446035733e-18
4.711428608038919991e-18
4.690247627267367998e-18
4.786039607088331425e-18
4.586051522757119859e-18
4.726381754749831458e-18
4.488566690007384497e-18
4.206199060518771389e-18
4.592724075776994851e-18
4.254655953504257912e-18
3.941282132649687847e-18
4.118579610767819823e-18
4.083376140338250595e-18
3.921332195143310737e-18
4.044552307051314916e-18
3.846639639454225297e-18
3.748029197862950546e-18
3.780001053942451416e-18
3.858560830153708261e-18
3.532051654867768192e-18
3.235348292416786996e-18
3.315690946848720196e-18
3.210846358162428982e-18
3.243017579984937486e-18
3.184389822051678299e-18
2.996978616360409768e-18
2.990066564909150229e-18
2.688985803692905514e-18
2.754057435515538467e-18
2.626520420857222935e-18
2.435225404096042186e-18
2.355453845648388042e-18
2.319823840326108742e-18
2.066694935244435989e-18
1.861914486958451691e-18
1.634086731325370085e-18
1.490691800496881729e-18
1.311899612181425248e-18
