7.757748584281855196e-17
8.961286757506622950e-19
7.750295755773000855e-19
6.392496021602899753e-19
8.365086764461505387e-19
6.155730043180678345e-19
6.313883460867790715e-19
3.137098727014995418e-19
3.610566394628336914e-19
1.290828236780659941e-19
1.573412375733346522e-19
2.269581617433654069e-19
8.630725747589762406e-20
1.964347814049943043e-19
1.631915543059108010e-19
1.392120174209592191e-19
1.305260750943277536e-19
9.864487961217654930e-20
1.018179058626936409e-19
8.624970010781433877e-20
4.640204689152103576e-20
7.048075696426745144e-20
4.843289341772842603e-20
4.961335947795332330e-20
6.486114369877810072e-20
3.713993329848361856e-20
4.398973887713209329e-20
4.492134979957150805e-20
3.559390545317359091e-20
2.806640070313230244e-20
3.293775773320518963e-20
3.156589232817856057e-20
2.760718832768419362e-20
2.203508962615246182e-20
2.655502269510597930e-20
1.821085407610295747e-20
1.791391963245031725e-20
1.873842181229867588e-20
1.755951421107574745e-20
1.478635599370444984e-20
1.158038434542929598e-20
1.867471564945570926e-20
1.357109737002107773e-20
1.335943438334166134e-20
1.439590206042905978e-20
1.037930775769793698e-20
1.096835806569873038e-20
1.178631854491888691e-20
6.767820050415338730e-21
7.253155617176614631e-21
6.011257005950077029e-21
7.462347623553293354e-21
8.493904796586663300e-21
6.806273810060319751e-21
6.519205488481743972e-21
6.306504312130595521e-21
5.117477053017814323e-21
5.820649919500557530e-21
5.965438307264349924e-21
4.471058933726281378e-21
4.020939950656732451e-21
3.467711789904763459e-21
3.878604917911472693e-21
3.997149083540906944e-21
3.247822486414021906e-21
2.900256226792459974e-21
3.218176245578761590e-21
3.190895550386846113e-21
2.835978882651706910e-21
3.227109038033819317e-21
2.252604673896371206e-21
2.131650513564677575e-21
2.062089222980583130e-21
2.018804228951779274e-21
1.529776328771327546e-21
1.654592236443507790e-21
1.812697409240723621e-21
1.577347470991200560e-21
1.591483287889542423e-21
1.376811802589074128e-21
1.414566493522621983e-21
1.318269840109952001e-21
1.380769372183350459e-21
1.093945521773559656e-21
1.075817410831622485e-21
1.236294501814374645e-21
9.291168560770010580e-22
1.123145527241093804e-21
1.094455372469835287e-21
8.837515880050191095e-22
9.808861769601973890e-22
9.781495516940781787e-22
6.985654737429061193e-22
8.660193030150030453e-22
7.712464530202705497e-22
6.933870577896046850e-22
6.877919510445762959e-22
5.276590985851539322e-22
5.674744804081615794e-22
5.416816020506902486e-22
5.277752070833740698e-22
5.462320931289254744e-22
4.432311818190439068e-22
4.412260595549249904e-22
4.418788569183176670e-22
3.698243859956852017e-22
3.257855643006294807e-22
4.216553479911860132e-22
3.222677464546816650e-22
2.883258320930851504e-22
2.694331471199393138e-22
3.028756568806834202e-22
3.535501074111220072e-22
2.795920186827747046e-22
2.546936937962933436e-22
2.332950566596448580e-22
2.217699246480791495e-22
1.852085411094526442e-22
2.062927315068770646e-22
2.043456197543209128e-22
1.853302828357913501e-22
2.128972231870843592e-22
1.691553669394498929e-22
1.625762085289172473e-22
1.617371981709076316e-22
1.444509603557688985e-22
1.452764880718416725e-22
1.389168871306492544e-22
1.177533335779164822e-22
1.182371656563558464e-22
1.084228615660405290e-22
1.202205110245300084e-22
9.816349812059847636e-23
8.878307034660420697e-23
1.010737637337088908e-22
8.090534931739577688e-23
9.420411874600528559e-23
8.785417519039542264e-23
8.405605119503791556e-23
8.469447927772352562e-23
6.844165893133414908e-23
6.146033023898261571e-23
6.315549127636199316e-23
6.094779551581330796e-23
5.855328061217544174e-23
5.514771990971305155e-23
5.039909781324720864e-23
4.898860564897764578e-23
4.497671002233807726e-23
4.022167987356538464e-23
4.672385110074577406e-23
3.804720583510004958e-23
3.551992976488683066e-23
3.854611432227762488e-23
3.423219775869170486e-23
3.333998924356795948e-23
2.984830321037708873e-23
2.823753621978597851e-23
2.784862033376309127e-23
2.858594648425941169e-23
2.473876247253097476e-23
2.454930394629424536e-23
2.596999683812405082e-23
2.599827619908637130e-23
2.208972640043077140e-23
2.035444425675436670e-23
2.296965380909337017e-23
1.791590623888801466e-23
1.909174754051918857e-23
1.952629585684579993e-23
1.545448175407425409e-23
1.610442459188440567e-23
1.515097767387030835e-23
1.463989469232652472e-23
1.428325792929793309e-23
1.317784143797373401e-23
1.314376103335857671e-23
1.165567911123902697e-23
1.042923612161719191e-23
1.116284363204989570e-23
9.902649639160035278e-24
1.090950459196598540e-23
9.555292677519721794e-24
9.933166128552358626e-24
7.958150814442132499e-24
8.919273779019584020e-24
9.195829107392669803e-24
8.298041840380816553e-24
7.528465540043025660e-24
7.368510883441309177e-24
6.763378777480204016e-24
6.161112786232729020e-24
6.552276212589802002e-24
5.730216455036635700e-24
5.509183162638318505e-24
5.667489698605142370e-24
4.832746863210389014e-24
4.790488114912753769e-24
4.508682796467864406e-24
4.273083178693257920e-24
3.661803026982615511e-24
3.843571144462075934e-24
4.410800967350287950e-24
3.993635678913689416e-24
3.274592704444459815e-24
3.073912626242975089e-24
3.277951158149702127e-24
3.284762312423027654e-24
2.818621295736577663e-24
3.090403715839189564e-24
2.569819490049315066e-24
2.639412271854365186e-24
2.591645987523451778e-24
2.142821035259745324e-24
2.377141671662458925e-24
2.373542129463363842e-24
1.859685346185949905e-24
2.009138477904253485e-24
1.688699673001993785e-24
1.942305613848714107e-24
1.746255237021493968e-24
1.622695184291000045e-24
1.594339075881162863e-24
1.376475462643976098e-24
1.466733087841349774e-24
1.287679478506299904e-24
1.354991350854211535e-24
1.342175713410353296e-24
1.249942171429561354e-24
1.183503365620644897e-24
1.015731381359054439e-24
1.176389178192613191e-24
1.014241964765105367e-24
1.025563686465501835e-24
9.282507802589958929e-25
8.805580819987286102e-25
8.610680762680686527e-25
8.069176721973129591e-25
8.773656122715882922e-25
6.527643689952535000e-25
7.214934459941168666e-25
7.970046886151855477e-25
6.488560832091854768e-25
6.466512229981221244e-25
6.005693711763760368e-25
5.879149769274198248e-25
5.351585920091277403e-25
5.229769766590877881e-25
5.312676562635959505e-25
4.559577102238136385e-25
5.240308879717933076e-25
4.520476667837865865e-25
4.194550757906135871e-25
4.127458554825621655e-25
3.674967067473754578e-25
3.572115053369907090e-25
3.961152413883145527e-25
3.297574871924940828e-25
2.949276882518094945e-25
3.118786205783756397e-25
2.938066561505349286e-25
2.812424654417317033e-25
2.763990386993420679e-25
2.984914227257365404e-25
2.737848491503271832e-25
2.425758639912767428e-25
2.250036107561363147e-25
2.508589173566691459e-25
2.456765105985040100e-25
2.248167798791387200e-25
1.980041674174264184e-25
1.887118808156863224e-25
1.808611914299676523e-25
1.670050728099240901e-25
1.721877034853331069e-25
1.594506474689646057e-25
1.670793811497714772e-25
1.441316408217659403e-25
1.543456241294075479e-25
1.439983634732336700e-25
1.279412348855794269e-25
1.455386552967517572e-25
1.302442497962887747e-25
1.201660899070650762e-25
1.091882709804565189e-25
1.248478108425769910e-25
1.104459064031729969e-25
1.002207421003812679e-25
1.159907266458138704e-25
9.362202170598505095e-26
9.047676384867236809e-26
1.002553538449113093e-25
7.830008728885255800e-26
8.407538424772432770e-26
7.962634918689707476e-26
7.262281576150706268e-26
8.018344999372516582e-26
7.518879384588557057e-26
6.984149810418152274e-26
6.610061778690637110e-26
6.374095395982444975e-26
5.892702003972806216e-26
5.521508043005964130e-26
5.291324084933417434e-26
5.365951703745318092e-26
5.038769470677062543e-26
4.734022954117252861e-26
4.414705223364792603e-26
4.426607261128534587e-26
4.416561242745899813e-26
4.107169960549504063e-26
3.668348700838007633e-26
4.012152674491149376e-26
3.531955061292902958e-26
3.563634268995114806e-26
3.854747690068842087e-26
3.458461114881028762e-26
3.706393669354175711e-26
3.027450308698749593e-26
2.983933826130702256e-26
2.925104665007461988e-26
2.707509215112282911e-26
2.449218625151722570e-26
2.620006686187627541e-26
2.462787936745807490e-26
2.450753994149616543e-26
2.169564123420723291e-26
2.083654750249212393e-26
1.899069291381778169e-26
2.086343508084220077e-26
2.048521452287328318e-26
1.803004389314024543e-26
2.001200120876214036e-26
1.604284385425757232e-26
1.720530573759790691e-26
1.547278745979112177e-26
1.512643702111122513e-26
1.415091243284546309e-26
1.494286185327573320e-26
1.355295158390953399e-26
1.269135425594755382e-26
1.297179047662650631e-26
1.284519120316510296e-26
1.200752856335383522e-26
1.052391137549988490e-26
1.052892183044046484e-26
9.294714414178066044e-27
9.725185116557381856e-27
9.531586804545284033e-27
8.495996641893902490e-27
8.667840743730493302e-27
8.593529508346061072e-27
8.718500296753430221e-27
7.421701248429211956e-27
7.269943707784102526e-27
7.356886946680621212e-27
6.756211170877629522e-27
6.242629824852498642e-27
6.591941706157274717e-27
6.380486902797164455e-27
5.323304692045702792e-27
5.386268531452059743e-27
5.255168038811954244e-27
5.449152960051937065e-27
4.566132036479201814e-27
4.674228872590518264e-27
5.252133146695131018e-27
4.416860501667958998e-27
4.084529213400774818e-27
4.155604537197160440e-27
3.860420247892134303e-27
3.750484373641557186e-27
3.476618787612277602e-27
3.442327838484773005e-27
3.162110497403569276e-27
2.867671205630831104e-27
2.806497825310832526e-27
3.057221063226976015e-27
2.715052009347850609e-27
2.766347543247708470e-27
2.638744672818563855e-27
2.295915412600651792e-27
2.268433050792784764e-27
1.988634599887966330e-27
2.171334399358975525e-27
2.023122093572512222e-27
1.854964082433346546e-27
1.674029429672633725e-27
1.663268179321411724e-27
1.613575679823039939e-27
1.657981298879315986e-27
1.500057990994281326e-27
1.350978132757121677e-27
1.290773737871308850e-27
1.320245075890623133e-27
1.165299941454861193e-27
1.180114259777465041e-27
1.106818313177268050e-27
1.002834930107447819e-27
9.103351952925275999e-28
9.579225737613364266e-28
8.965217903798924339e-28
8.680133376644358374e-28
8.158449416430824777e-28
7.578898836650265775e-28
7.420146921932794074e-28
7.206423456284630877e-28
7.045705847415279070e-28
6.556510827571991867e-28
5.733952109374619308e-28
5.768739523864633562e-28
5.428344126038184735e-28
5.035458504374796686e-28
4.908829140950401063e-28
4.679556026658402040e-28
4.675272907305614963e-28
4.190592121018192660e-28
4.340790724034702546e-28
3.943211183658110369e-28
3.470025471162492145e-28
3.386778074519709473e-28
3.073269022465952859e-28
2.932121888245768668e-28
2.770369646499303398e-28
2.602648476613792773e-28
2.345993420077221385e-28
2.448099580808251236e-28
2.265209115620933863e-28
2.184582423443251343e-28
1.967060903380434290e-28
1.943712147211869658e-28
1.796705258553109567e-28
1.688959152480125529e-28
1.643060191081189055e-28
1.583084967277586465e-28
1.437842088266926250e-28
1.342514541855630896e-28
1.198123187738208833e-28
1.150175505266046727e-28
1.107222173800844406e-28
1.042354206563134094e-28
1.018213981954605493e-28
9.214041909113510250e-29
8.683558796590496686e-29
8.705014335710117733e-29
8.309330982379044609e-29
8.525609366077493595e-29
7.362275128405816981e-29
7.066039855940249048e-29
6.530919651926152100e-29
6.328173543010717272e-29
6.372741064428062621e-29
5.130031698492534001e-29
5.384675903384310142e-29
4.511895753792555448e-29
4.597110032649847262e-29
4.659634863304673767e-29
3.934778521193232256e-29
3.545510982183628074e-29
3.816297809887423277e-29
3.359162985683720621e-29
3.386496386413307028e-29
2.890330409344711477e-29
2.897674246014724005e-29
2.886941398316172295e-29
2.382137948710350254e-29
2.666181641853270921e-29
2.384033988611240752e-29
2.239522265996692274e-29
2.160889697055804499e-29
1.980426395632184646e-29
1.901428647879099081e-29
2.004226483220551539e-29
1.783230253509686238e-29
1.710792271667196566e-29
1.651170497084264384e-29
1.548696491253687177e-29
1.570444758080784625e-29
1.498102286030882079e-29
1.559310722802011010e-29
1.344465308144950240e-29
1.567602222687424126e-29
1.338723340777022065e-29
1.382326067616891864e-29
1.186809544552638502e-29
1.206870554574578921e-29
1.243116077994179248e-29
1.151785217324272853e-29
1.238405873582804670e-29
1.197452608800849333e-29
1.089532188300797607e-29
1.231744123886824169e-29
1.196041507599094075e-29
1.202541109779635097e-29
1.160146604300191954e-29
1.154323260004946702e-29
1.150023540637924057e-29
1.190709801451971695e-29
1.113642285370705665e-29
1.069030307366597228e-29
1.136450299901317536e-29
1.157313520982055499e-29
1.016232044611986345e-29
1.257338611319898343e-29
1.162102446315495107e-29
1.228443139556787756e-29
1.161267656165726155e-29
1.150640077690468227e-29
1.252416924308637030e-29
1.325048620917164834e-29
1.237874752137811611e-29
1.369779185143695471e-29
1.394149845946787308e-29
1.359392563500219265e-29
1.313710685598354123e-29
1.387340313613099328e-29
1.547325426299818410e-29
1.571304849214563253e-29
1.647065148489064702e-29
1.660268845058731686e-29
1.626680687685507566e-29
1.771029738144957993e-29
1.875162487634086791e-29
1.830345802980991259e-29
1.898047677792105119e-29
1.901317343171723717e-29
1.939109661202863430e-29
2.119765068966833056e-29
2.188086273419779245e-29
2.214176016855623237e-29
2.054984940502879633e-29
2.343030132181141216e-29
2.291992153517331519e-29
2.449590431192232210e-29
2.320389981470228340e-29
2.383498318599594141e-29
2.459622026175508944e-29
2.729194668911085446e-29
2.533195935677126811e-29
2.600378773104223391e-29
2.732041489666063874e-29
2.697221969852505110e-29
2.696377122835447070e-29
2.843982735370431474e-29
2.971787544396263083e-29
2.940083038207219976e-29
2.964852935141252535e-29
3.052508469630713184e-29
2.908797509011105591e-29
3.250779275989276463e-29
3.393873556375274929e-29
3.252482212784916133e-29
3.379166865143206945e-29
3.279676175465816061e-29
3.119429349824526483e-29
3.455325705832922710e-29
3.151618887050491517e-29
3.606726534646919131e-29
3.762530519894648533e-29
3.654026875257334676e-29
3.534964383510459770e-29
3.759144022573753465e-29
3.747524910379283038e-29
3.764002879351248707e-29
3.846056674873903728e-29
3.933720232301742431e-29
3.991660269713855940e-29
4.056565439307774158e-29
4.554303742218631713e-29
3.953094856049997540e-29
4.453724529125160121e-29
4.302485337574456812e-29
4.793075687250040729e-29
4.664361436078663181e-29
4.807272567492188896e-29
4.994042403005622670e-29
4.967588180635515113e-29
5.066039996256479220e-29
5.259799499413885177e-29
5.069879749997937916e-29
5.436856500649036209e-29
5.254995827286520195e-29
5.657700755629609838e-29
5.880260431105753748e-29
6.272817874918712735e-29
6.139045005304059107e-29
6.040494573876920846e-29
5.902854335217038736e-29
6.923934923146056785e-29
6.059411177182878784e-29
6.482211851976317011e-29
6.435932083454902201e-29
7.182924653829329132e-29
6.925062652693648632e-29
6.751358647928434031e-29
7.206534319349474687e-29
7.148366938753574475e-29
7.747546089327230865e-29
6.934210949417899681e-29
7.642974300850984996e-29
7.467795417505691952e-29
7.982769312524791615e-29
7.219975054074457084e-29
7.602295143629116777e-29
7.749800711496893289e-29
7.908481871241174499e-29
8.489963227782107052e-29
8.273860467620751037e-29
8.028162877739857848e-29
8.316799926175038238e-29
8.666261384514892979e-29
8.744082084779174862e-29
8.489951759750437113e-29
8.476014605600759687e-29
8.116452461570036566e-29
8.557696726842924358e-29
9.303235565364552663e-29
8.785251882805681795e-29
9.824887568266906499e-29
8.834653684871979555e-29
9.680057220766917559e-29
9.289885797845712493e-29
1.046561718510932701e-28
1.060480612209815108e-28
9.896015930455415983e-29
9.438120363641656721e-29
9.683247435175311527e-29
9.920961972290392652e-29
1.006628140023263038e-28
1.057643696443040709e-28
1.097216697453317382e-28
1.044045394845751887e-28
1.115775300653503247e-28
1.116478924951521723e-28
1.118129491536374246e-28
1.108851427552962922e-28
1.103553094260929244e-28
1.158775256237571942e-28
1.253777736401644416e-28
1.169464923527875414e-28
1.277658870265525135e-28
1.276243769399011073e-28
1.282650674772561960e-28
1.281904963142170087e-28
1.260941684691965295e-28
1.159616026758607733e-28
1.249591127468072470e-28
1.336236050414549570e-28
1.289795220276865243e-28
1.282020853147570906e-28
1.320976067025175090e-28
1.354836303656417504e-28
1.383865706413540622e-28
1.380835940100312136e-28
1.288575368579822966e-28
1.255107654327506111e-28
1.415193913219165124e-28
1.345074005682887925e-28
1.372977112696405804e-28
1.471466021016410614e-28
1.400282541725962941e-28
1.425191743728322754e-28
1.443027906993164597e-28
1.403077223708435725e-28
1.453121999732502609e-28
1.452503224806408695e-28
1.500180253027196156e-28
1.437567199658976103e-28
1.455407293799084203e-28
1.478837231489218091e-28
1.564618885624559523e-28
1.396133570978669195e-28
1.461627471374131775e-28
1.414039340629648183e-28
1.426939779063077780e-28
1.405210204953948730e-28
1.483549603853512413e-28
1.417738601230018865e-28
1.496535765283981184e-28
1.488374031267721823e-28
1.467821711131721655e-28
1.501532093739831013e-28
1.436836204142677657e-28
1.450889914502708370e-28
1.377400914958130459e-28
1.457231467497388257e-28
1.413438090422923769e-28
1.414686018876192841e-28
1.468794492361073102e-28
1.492761690354172088e-28
1.375559528722368001e-28
1.530362560643513802e-28
1.459024283030355260e-28
1.469654325814912726e-28
1.411208404399942741e-28
1.449677344614926695e-28
1.505603496598650162e-28
1.435904287868969488e-28
1.455078983066621665e-28
1.368028302227937393e-28
1.357140552255321088e-28
1.486780456842677203e-28
1.306808522869067138e-28
1.365539576572972649e-28
1.454743405770724706e-28
1.398405482732811084e-28
1.371144228441389600e-28
1.406434614133875557e-28
1.392426557748565701e-28
1.394489385403581062e-28
1.391735348285343788e-28
1.367671328502257611e-28
1.397166195743890598e-28
1.370372381411860329e-28
1.302863381302967504e-28
1.336847350802323304e-28
1.361432741955596971e-28
1.370078148763491819e-28
1.376292813361869083e-28
1.199378399688222027e-28
1.295142171864332898e-28
1.241236911756964731e-28
1.309733123287317167e-28
1.246987987781884091e-28
1.222175753136940319e-28
1.243019226083589964e-28
1.212296616350224951e-28
1.099423562366155483e-28
1.223470836444030343e-28
1.191103660972525939e-28
1.150700636173999597e-28
1.111767989420603360e-28
1.069379330077247878e-28
1.087948286250139795e-28
1.062975757726736727e-28
1.132525453853006522e-28
1.028895332354537192e-28
1.139107946265953653e-28
1.111715927795930544e-28
1.017680125505256014e-28
9.735326963097253994e-29
9.771717192653260982e-29
1.038625818116291591e-28
9.517019421042038232e-29
9.423808249890392710e-29
9.244441838607290976e-29
9.331125226927818738e-29
8.986469742574450412e-29
8.996854280762219528e-29
9.030955073212832654e-29
8.435446496801018330e-29
8.867316748976123005e-29
8.583061031907736485e-29
8.313134919071497130e-29
7.901879023059660498e-29
8.105800707217020532e-29
7.833171307329038522e-29
8.144504576309230086e-29
7.763576789066669623e-29
7.580964557019837565e-29
7.607714873092421377e-29
7.623895200472095667e-29
7.424523984132755516e-29
6.981948900922080583e-29
6.907681682221887707e-29
6.816582998351000365e-29
7.005494149382867304e-29
7.373856244298325005e-29
6.925797247020356575e-29
6.639907903639712318e-29
6.482174848201974332e-29
6.653143256879425928e-29
6.274759516415649259e-29
6.057940798264658350e-29
5.705544463818595623e-29
5.835437463989424522e-29
5.633078858072710983e-29
5.326190664343448994e-29
5.793872013249467845e-29
5.104133678416515243e-29
5.060020965151322733e-29
5.030204989606936624e-29
5.142462889619020039e-29
4.788783668089917255e-29
4.498983353216385546e-29
4.426269129418525885e-29
4.307334118876973541e-29
4.219825706720811811e-29
4.255279965056546514e-29
3.833625628792632377e-29
3.995415791964477559e-29
3.684283356163102039e-29
3.554883122930745180e-29
3.479212212120298290e-29
3.361486999053527871e-29
2.988679962643293067e-29
3.259145811647303200e-29
3.201449339967616781e-29
2.825232458090619375e-29
3.016063567649155128e-29
2.759479180254441221e-29
2.542258070940789018e-29
2.606245074616620601e-29
2.522817242792974325e-29
2.421483254807869726e-29
2.311971477975599270e-29
2.133886103040500149e-29
2.069112103245189389e-29
2.079650080511803467e-29
1.847663134254774296e-29
1.733592562428865081e-29
1.721245712367269172e-29
1.730118214222392136e-29
1.626365428516914817e-29
1.531947915405256673e-29
1.481596178925267400e-29
1.481634897541187549e-29
1.406368904731998807e-29
1.247917116393408595e-29
1.246267325684764370e-29
1.248419961138903557e-29
1.085012813360998508e-29
1.133729660782058384e-29
1.058809570085140570e-29
1.047891273747390023e-29
9.280710704033868969e-30
9.529837873445036749e-30
8.377015078330061459e-30
8.005897309031532621e-30
7.737927203677813922e-30
7.438763760999841379e-30
7.011551208449976700e-30
6.545724855482489622e-30
6.282459940352920415e-30
6.124772917697521167e-30
5.648255864110823142e-30
5.205616180711998531e-30
5.446588161029339587e-30
5.705872221839033897e-30
5.295291006622622018e-30
5.060817507167420156e-30
4.800632612188113437e-30
5.416257681004765900e-30
5.192837927395671525e-30
4.976804588446887203e-30
5.127880154135955216e-30
5.386322584571718017e-30
5.390304800909530610e-30
5.718368489283760749e-30
5.758869545024197623e-30
5.953081446890122790e-30
6.300839694176019000e-30
6.758704040897412850e-30
7.366396311808167728e-30
7.717309739691443084e-30
7.644461051738081343e-30
8.168132078766263963e-30
9.145193388348186142e-30
9.406526671680449668e-30
9.899431713923064704e-30
1.114992486393156793e-29
1.088757299281436867e-29
1.176195430225831337e-29
1.337755801097609394e-29
1.346470349906349929e-29
1.431261675597653359e-29
1.431767043111285205e-29
1.568237304170109374e-29
1.751060464452116110e-29
1.847335283735006105e-29
1.889212398777699645e-29
1.931910575996171406e-29
2.080970547766030985e-29
2.077947988661376154e-29
2.455055144231025572e-29
2.629297571821055289e-29
2.656188932445619241e-29
2.619410429747316855e-29
2.787702276104658387e-29
2.798453743772925946e-29
3.163256367630064250e-29
3.224020639317563088e-29
3.472928671906627745e-29
3.551473101789647926e-29
3.831216365111533388e-29
3.919402723040459413e-29
4.053641168050137133e-29
4.342481931343501358e-29
4.251879913455852316e-29
4.780661776160160279e-29
4.891514932879157951e-29
4.899955090055133813e-29
5.208616447242762788e-29
5.253370963459257259e-29
5.960853000499314680e-29
5.942247190132907555e-29
6.092026476937655551e-29
6.559138227702342473e-29
6.698160145336441336e-29
6.891835908729626407e-29
7.380699192743017780e-29
7.249634420914113446e-29
7.434893936049802322e-29
7.444407386446969043e-29
7.833264393159680934e-29
7.960401335847719990e-29
8.469560373414841133e-29
9.012850815026250756e-29
9.559068115528594465e-29
9.245513169698620345e-29
9.876261502467619338e-29
9.435766793456176629e-29
1.051371207856629631e-28
1.115303754824350288e-28
1.074077869064983316e-28
1.134665511020625053e-28
1.198137789863814324e-28
1.162824348685966431e-28
1.248708907324708771e-28
1.228785923909906141e-28
1.239456443748600321e-28
1.340194126385963337e-28
1.328704461194436121e-28
1.361838746257409117e-28
1.293630734372698275e-28
1.321942527807719033e-28
1.449892503870919008e-28
1.516417518693863145e-28
1.515406171045019507e-28
1.538619539013770578e-28
1.591524116719733819e-28
1.517895416582342970e-28
1.690018458996200899e-28
1.692279687107848154e-28
1.666580972012174755e-28
1.625410215417909898e-28
1.809619615217737799e-28
1.744385748236653547e-28
1.779771742345195730e-28
1.855834508295682885e-28
1.826145727330908488e-28
1.830572684611533795e-28
1.966503070883009511e-28
1.948302484923121115e-28
2.010591865293715259e-28
1.987745152575566924e-28
2.037205256950542274e-28
2.063791099089812339e-28
2.006013919960718417e-28
2.014368704996157337e-28
2.068924767717599418e-28
2.102987721306617659e-28
2.083075638031041812e-28
2.155109964311697921e-28
2.198966085719391112e-28
2.234806164558875031e-28
2.290709534692936879e-28
2.358289820015783889e-28
2.432819342962804151e-28
2.396759832722866742e-28
2.434254813833463184e-28
2.550453844097312401e-28
2.473412126716119089e-28
2.471943950328670956e-28
2.487037456065724893e-28
2.425492531940232768e-28
2.436093390742949668e-28
2.474919438814288562e-28
2.286389158858846444e-28
2.431008168421838529e-28
2.439048083046801091e-28
2.341837721697302840e-28
2.508955529611361651e-28
2.456184727683718883e-28
2.302515550492018673e-28
2.390960201266552814e-28
2.321679142966348120e-28
2.475882443937675427e-28
2.493210778565471714e-28
2.390960390571583315e-28
2.467973589126362167e-28
2.251052584439869506e-28
2.357579400219559596e-28
2.372367013644560684e-28
2.347328029302093433e-28
2.314612041770934963e-28
2.294913385880677325e-28
2.256601879550480608e-28
2.235935294903890547e-28
2.219745205732685661e-28
2.262835144517816723e-28
2.164803428294815550e-28
2.223287853823488720e-28
2.107732695812629331e-28
1.970486179111517170e-28
2.151221631367165940e-28
1.985400009048794514e-28
1.838916620955748668e-28
1.914184390895773664e-28
1.897355213097169275e-28
1.814719105701543160e-28
1.870590595446187490e-28
1.778100465804997390e-28
1.731824519147056928e-28
1.738978096180853596e-28
1.775424285611551777e-28
1.623203410681269186e-28
1.487117147965084616e-28
1.517433605491784724e-28
1.468986667787461202e-28
1.483557426815591344e-28
1.453319584283430545e-28
1.366691670158827254e-28
1.365227598015195422e-28
1.221800602322957823e-28
1.254903285806860878e-28
1.193824751948047389e-28
1.108258398960210049e-28
1.071569807505282598e-28
1.054695211290944203e-28
9.395085365248251705e-29
8.453196440980258419e-29
7.435644201358790850e-29
6.790593157702356307e-29
5.982822057632105284e-29
