2.220889313141467312e-25
5.883582469733544320e-25
2.386441616655770240e-13
1.180614520434111255e-10
8.206544940148342959e-11
5.279066755002572526e-11
1.704948041629432958e-11
6.299247473117107915e-12
9.498669020945277967e-12
9.826682874896110004e-11
5.341370278937802642e-12
6.988490007108028276e-12
3.089074553493279051e-11
1.806270248315557431e-12
7.105616950827767904e-12
6.812161662802358420e-12
5.395388340890587829e-12
4.204372281212996381e-13
4.260862353847010663e-13
1.162525943939567922e-12
1.213510163593161426e-12
2.839800647299080865e-13
2.367315990875191502e-12
1.848959558609843875e-12
2.735637649487874732e-12
1.328179940061138651e-12
1.117070733862036671e-12
3.478893455142030958e-13
5.831038405544128827e-13
5.708827158597289974e-13
7.526043107781843866e-13
3.079207116257740171e-13
2.456596327181031375e-13
4.740131698682782416e-13
6.507048635512100656e-13
3.925715887817688354e-13
6.261227490120608279e-13
2.444409540396415443e-13
1.325650373695414324e-12
1.117195462970062278e-12
4.073440434917515479e-13
6.007662288743035748e-13
5.749063186168315110e-13
2.887804869362351000e-13
5.052087791986663255e-13
7.163425247339248136e-13
2.370892117871204629e-13
1.631768501443106209e-13
1.985480565220709933e-13
1.447881675248421254e-13
1.715034686954007626e-13
2.040221034644903930e-13
9.197835518896910793e-14
2.599677168564785120e-13
1.014857911024369070e-13
8.396888766703758198e-14
3.458148291954473958e-14
1.381388524170363382e-13
8.524962419997637306e-14
8.714667001232288429e-14
3.572174870173730101e-14
6.804691945940386752e-14
1.063775082718766993e-13
7.104867135398396708e-14
3.898453204433347137e-14
1.357263547594662625e-13
5.847486394582133342e-14
6.130319029050381672e-14
4.969002317406585360e-14
1.016472900446216172e-13
3.289700072411589220e-14
2.667472151042579105e-14
5.357427382798692285e-14
4.287482319162545954e-14
2.795140835530681625e-14
5.432421967410342239e-14
2.521560746670293612e-14
2.118815554731565302e-14
2.211756408437073243e-14
1.144907173759033854e-14
2.224793205947291768e-14
2.754113636786424503e-14
2.660071837556752465e-14
2.017787342823140700e-14
1.717007829596650000e-14
1.709209195377615416e-14
3.526812933894915204e-14
2.324827461700006626e-14
3.068672572560246093e-14
1.537878121765298259e-14
4.731435746260719516e-14
1.779356352921445203e-14
1.366095514341478668e-14
9.999351779581095870e-15
1.593886534272407421e-14
1.363690665408042639e-14
1.406711583677387174e-14
1.014501654035087977e-14
2.178479072726167151e-14
9.834642580628514995e-15
9.534093631622055412e-15
7.427787755167682993e-15
8.201669212657550862e-15
1.457830831020012724e-14
7.050891314857701558e-15
7.399245473644156074e-15
8.652180778639279593e-15
4.372035468507446738e-15
6.893040935231085279e-15
3.745412596812326460e-15
3.787094039834813153e-15
5.805042237140872007e-15
5.216137593662435879e-15
4.192982972501890510e-15
4.792171181886165351e-15
5.137537478753817413e-15
4.946164237238326473e-15
4.131076741012584878e-15
3.459337502041762511e-15
2.599130575033849220e-15
5.833002182687369377e-15
6.808415805650824711e-15
4.122914660349108544e-15
2.252150323111501765e-15
3.558368939664826875e-15
2.074042472418645980e-15
2.242338287770013657e-15
1.894200982632027424e-15
2.280882704762752059e-15
1.833074203440025250e-15
1.777581897044531867e-15
1.371745519896063309e-15
1.480026049922834447e-15
2.037049385010882682e-15
1.437745769039724861e-15
1.543207509623222419e-15
1.876185793281086870e-15
1.437364919877680659e-15
1.419331194669481000e-15
1.653436140014634560e-15
1.403974890956746994e-15
1.897174658061960025e-15
6.966674400514303840e-16
1.007278130194279887e-15
1.128884014459572675e-15
7.217561393389968050e-16
9.198014960052038433e-16
7.812496023510981621e-16
9.910731369495066078e-16
7.876392141199591580e-16
5.568193632635836917e-16
9.770414210808011066e-16
7.503927983079597610e-16
7.853888097876203482e-16
4.899705066315009826e-16
5.761884586518753495e-16
7.399750025761217823e-16
3.721303751532156966e-16
8.370597754213573113e-16
2.962671668338866872e-16
5.342199564084966899e-16
6.592018741230075549e-16
5.266318733519082449e-16
5.162384271581695798e-16
4.919462807753954597e-16
3.873847371195252665e-16
4.107856391585798184e-16
3.922439008008842573e-16
3.013982658771534654e-16
2.348698274103757276e-16
2.905773215999832874e-16
3.114288738773851797e-16
2.468024107296536865e-16
2.576997446999902055e-16
3.318677218472187573e-16
2.921361961297625551e-16
1.932154878681143348e-16
3.045626574064468431e-16
1.885270602604084975e-16
1.810610692521801329e-16
1.501424995516672030e-16
1.628086216871272569e-16
1.305590197873891911e-16
1.425949554078770660e-16
1.025470726076166334e-16
1.777015314107957653e-16
1.122981532440747156e-16
1.070326623976273506e-16
1.687471377763157178e-16
1.697349883691263568e-16
1.401980874074194710e-16
8.807545150160113267e-17
1.369484787736945116e-16
1.188688201538944981e-16
6.904786171907034978e-17
1.340224137131716991e-16
1.189271174517743376e-16
1.569917476113115465e-16
1.751984376438043657e-16
1.293843045524602590e-16
1.231133322457414372e-16
6.798221328841885297e-17
1.029592657152747618e-16
8.234351161092462772e-17
1.055369530063649134e-16
5.021418958381743898e-17
9.020828896573944593e-17
4.622610111714540878e-17
6.892808229974564316e-17
5.760383692297303632e-17
5.521841582579502384e-17
8.302131604478553996e-17
4.327735986195332753e-17
3.433383004816460113e-17
4.468893547572683307e-17
4.621149418299834816e-17
4.420229619423249062e-17
5.440317709642856129e-17
3.756244368248151025e-17
3.552417929527297290e-17
3.876123235613499933e-17
2.906676950993789281e-17
3.827951522024022488e-17
2.935470155991929970e-17
2.899830334017614102e-17
2.356805431369484487e-17
2.825844053353738298e-17
2.732774868021033265e-17
2.912913917220439548e-17
2.010782593050745851e-17
3.222915798286312771e-17
1.623659977507653239e-17
2.318699851942035025e-17
1.756551074704126779e-17
1.991667952547701299e-17
2.113638725954971431e-17
1.813546566895126856e-17
1.435092214322625279e-17
2.094860803527029957e-17
1.427574301820549302e-17
1.321831899861960277e-17
1.231533466229630177e-17
1.349590333643302835e-17
1.511952525568795284e-17
2.526403631216374943e-17
1.529999679982377213e-17
3.198638530579736999e-17
1.494096470502184975e-17
1.002871079377850942e-17
1.430351588824418261e-17
1.148415454658913665e-17
1.216413545543345748e-17
1.532712490694933031e-17
1.280571223563107595e-17
1.313388631454900122e-17
9.898163596558966359e-18
8.488013485329775780e-18
1.222880540173750308e-17
7.293412360770540821e-18
1.472082454928237855e-17
9.570245221058226414e-18
7.897645244603180800e-18
7.376590566692802055e-18
1.043179734983851391e-17
9.167435191217362090e-18
5.579167358236937529e-18
5.599471910249448938e-18
6.086699532184824268e-18
5.567970235272674327e-18
6.958506211588161592e-18
5.336559386809332657e-18
6.399101338904610027e-18
6.176832610895823950e-18
5.616396805520314843e-18
5.689539848521671119e-18
5.186996971639683301e-18
4.357577600874936551e-18
3.928763697830433375e-18
5.314013151782169337e-18
5.227260965663714833e-18
3.150573117130019928e-18
5.373302711896015644e-18
5.510840311994174187e-18
3.959516387614452001e-18
2.971687585956928616e-18
4.223493534018521051e-18
3.211167814574855098e-18
2.823158939726440541e-18
3.089889436130875736e-18
2.651318515600952107e-18
3.080547852619324929e-18
2.895740144220984787e-18
3.229728609486371148e-18
3.418600385044183093e-18
2.863305618614679185e-18
2.802411047731693299e-18
2.336929272572774702e-18
4.569534926611262424e-18
3.411111708270286116e-18
2.853197436111080531e-18
2.822512975966619141e-18
1.823826823403226346e-18
2.635872962563005737e-18
2.126449940435262344e-18
2.734866120072514166e-18
2.702672066925154669e-18
2.109398595825446418e-18
1.960592222838496864e-18
2.362981989978140796e-18
1.429409808225529069e-18
1.960902195882720720e-18
1.866463880483817967e-18
2.365596320388998015e-18
2.109550591314538831e-18
1.778183541187023616e-18
1.920712755774027000e-18
1.567491066925513501e-18
1.660374270311884191e-18
1.774632259863352681e-18
1.877213347533092923e-18
1.873476594846109809e-18
1.311757562109417592e-18
1.388830547789137223e-18
1.421047095323637937e-18
1.661011845048679606e-18
1.221883321771798056e-18
1.028524768165361422e-18
1.415880888751119781e-18
1.040038704968246938e-18
9.258934870179120606e-19
1.238127911473556581e-18
1.090173754049108522e-18
1.491543045959325727e-18
7.902722735200452505e-19
1.109784669464083730e-18
1.103898367693570084e-18
9.019071300582440906e-19
8.774535082329392541e-19
8.427798417514864971e-19
8.557220274269831083e-19
1.080648997913204457e-18
9.001251911461047628e-19
8.553580402849459706e-19
7.184211568959460130e-19
8.407602754100574917e-19
7.673232384867218106e-19
8.782980105137597966e-19
5.651682553747779962e-19
6.121417529897414579e-19
7.441253971505669021e-19
6.676945363929260368e-19
8.285239478755682890e-19
5.603770834391979507e-19
6.407259110417015722e-19
6.285286449444467636e-19
6.094102406304523288e-19
6.518692683770238711e-19
6.674154562129016419e-19
6.369469116299669771e-19
4.501102074304300352e-19
4.496468990436440904e-19
5.446858909094561513e-19
6.307046938529717640e-19
4.742537377477851822e-19
6.019670120270945823e-19
3.202331996777600148e-19
4.746441220770556932e-19
4.338222041461869165e-19
4.288523689898638890e-19
3.613232051466444905e-19
4.830230921193822283e-19
5.103530112523047520e-19
5.054973325695520278e-19
2.957077818260025048e-19
3.658710531756144445e-19
4.191586179751692060e-19
3.317054839075385533e-19
3.371914812451208524e-19
3.702858462805400617e-19
2.882824143424105336e-19
3.153060235720367545e-19
2.714809791394041519e-19
2.846762944871194425e-19
2.791188365507682967e-19
2.026850630910852918e-19
2.782870853940497826e-19
2.411186731201577365e-19
2.299914786366682066e-19
2.075963216008143735e-19
1.402971019535922562e-19
1.899382280241866061e-19
1.675477699938363094e-19
1.632625736240862656e-19
1.297951651194362835e-19
1.404766442763783200e-19
1.212256660140186489e-19
1.042235890714058717e-19
1.327779373390739769e-19
9.906983300573646701e-20
1.070644330037887798e-19
1.158417393416757071e-19
1.025209812663570981e-19
8.843632749066702798e-20
8.195484182304614175e-20
9.144807273425980783e-20
8.742642954098319585e-20
7.205193419291158187e-20
5.920948546926572294e-20
6.182544973118580094e-20
6.506742994091094315e-20
5.197345869106029422e-20
4.081305622179097150e-20
4.487016568211514289e-20
4.758215847024822295e-20
3.511277437443949866e-20
3.725607054902700185e-20
5.625023587577037227e-20
4.816326321160060898e-20
3.838511863066763584e-20
3.291009490222135754e-20
2.896441352276568933e-20
2.844893279450131735e-20
2.533402747550988174e-20
1.832714854386644347e-20
3.362897231102991767e-20
2.087417600376984230e-20
2.328922189841443120e-20
2.030902542092617270e-20
1.877896112124510238e-20
1.767341292048409624e-20
1.479660381237501005e-20
1.056547371400384776e-20
1.260706958629639829e-20
1.257030424632517063e-20
8.796704321759661064e-21
7.914295347748374769e-21
8.063666608303074512e-21
7.486346503358290915e-21
7.912214034275010597e-21
5.410086431116917821e-21
6.209290852649191345e-21
3.925536297087112772e-21
5.509076337742470235e-21
3.441142687443008965e-21
3.473582620141374517e-21
3.387488367737631128e-21
3.027959124989625516e-21
2.536349201293365968e-21
2.626815799515904030e-21
2.104717478527157294e-21
1.858987783222629524e-21
1.099868317933415102e-21
1.321595189946203855e-21
1.296295880806838587e-21
1.228504702721720557e-21
8.462029911787696854e-22
6.278261174917402450e-22
6.162637066216106213e-22
5.309654911827343307e-22
4.453043340353218975e-22
2.443261479713183748e-22
2.852348722462431069e-22
2.575818813193364302e-22
1.319218253052023416e-22
8.822482139335671760e-23
5.083127753699692851e-23
2.790091092464327101e-23
6.042511656040982888e-24
1.078302823079856436e-24
1.903240620124306582e-24
1.453971709635396234e-23
2.162222322293421155e-23
5.204958815608837121e-23
9.816778330199632056e-23
8.071895637877060118e-23
1.834437793145781517e-22
2.399859442252201140e-22
2.452244994265888415e-22
3.403092580365939586e-22
3.025410899976993384e-22
4.817333235703591563e-22
3.639997517905320897e-22
5.474284676473788129e-22
4.878112701431766535e-22
7.093192514351984331e-22
6.931029856750684558e-22
7.780748566806871944e-22
7.073827042937601628e-22
1.027587979462676103e-21
8.542157207993341818e-22
9.940200555071783456e-22
6.251544475922957454e-22
8.878798634261635845e-22
8.240848995987848245e-22
1.095597535136367335e-21
1.111564526610388129e-21
9.198603158838919031e-22
9.370656936378971337e-22
1.009618802151765113e-21
1.275920439995705586e-21
1.048929256424672486e-21
1.187149180869111182e-21
1.196753060521752159e-21
1.243600673123070653e-21
1.230689518521124747e-21
1.362591335754376872e-21
1.616158022742833832e-21
1.733996122121886938e-21
1.719886411628796500e-21
1.084700924822286997e-21
1.511498662479891539e-21
1.780835426647782878e-21
1.762798997286869200e-21
3.513370832642840528e-21
2.508873340831777991e-20
1.756222992104207298e-20
2.989546799884778882e-20
7.240220678329312396e-21
1.838855165263101002e-20
3.516345716585974728e-21
3.761602810005060303e-21
7.647635259304945420e-21
6.009402283322689695e-21
8.803728192419642803e-21
1.279479184337948043e-20
1.032269983155247422e-20
1.586032982074457390e-20
7.823211656492325828e-21
1.206308478418628798e-20
1.164361749935304952e-20
7.258190586740745706e-21
4.842975594670898113e-21
9.534365819795329341e-21
8.499184108183377139e-21
9.728342265867472749e-21
6.940517340684839980e-21
9.366994134183932549e-21
1.509914274129600106e-20
6.964844507271788986e-21
8.632593339550151788e-21
1.195706497176865577e-20
6.083120511891305113e-21
1.031775082176033887e-20
6.142143444590175906e-21
9.111930720381445882e-21
6.798397054014040866e-21
8.169097930258329661e-21
6.392231375766829324e-21
7.390426835637946874e-21
8.696310654975087048e-21
8.690920925683218262e-21
7.275430699832766433e-21
7.911468902864009030e-21
1.226345477103984835e-20
1.368440064129785404e-20
3.159771498354640354e-20
1.948735823410093556e-20
1.550614341988183442e-20
1.391846495423377532e-20
1.334318130738507745e-20
9.087972520976325146e-21
9.614620384192370135e-21
1.579923916699159680e-20
1.185392933871845417e-20
1.079945697842861698e-20
1.055145454583247161e-20
8.125998516066392945e-21
8.393022382639966525e-21
1.297054719225022012e-20
1.142570096430840215e-20
1.065170540516805422e-20
1.204218866809878840e-20
1.039447988618336145e-20
1.376026071503777871e-20
1.564387619607786944e-20
1.357077920844172108e-20
1.385599093462269788e-20
1.184448654457144691e-20
3.356829087114639326e-20
1.574614796175577579e-20
1.736412709272932295e-20
2.525594175329631876e-20
1.680205153326267632e-20
1.839611310255552271e-20
3.049752731779580577e-20
1.758867232723126322e-20
2.239191912792837263e-20
1.780478543596422019e-20
2.161400085915055050e-20
2.615200486298440342e-20
2.424210659762214363e-20
2.495222263212753986e-20
1.912427116661544584e-20
1.981438141101378588e-20
2.161975035180146863e-20
2.429875617769598705e-20
1.961627660620399522e-20
2.817972997049804887e-20
2.016646371829340724e-20
1.924967481367880511e-20
2.258354250763682345e-20
2.177800191985365807e-20
2.553478782925839274e-20
2.667574883510941802e-20
2.774525581196947655e-20
3.479711432393039287e-20
4.641806260631561696e-20
3.183685607776482192e-20
2.244626403584625907e-20
2.893129614601230727e-20
3.126063877099894848e-20
3.109988858790905905e-20
3.403235277240488914e-20
2.875868863475634577e-20
2.514590598541699782e-20
2.766068701078400001e-20
3.364956974218692301e-20
3.504634553667051159e-20
2.622316347151549931e-20
3.232431337923983865e-20
3.137404726268208661e-20
4.298018877582448119e-20
3.921192079159398457e-20
3.851421397626948876e-20
3.174389781578523460e-20
3.934074693954979430e-20
3.093076568761717590e-20
4.420090771724833401e-20
3.839161165447667435e-20
4.125408797240368950e-20
3.730794083115521883e-20
3.603519088502528770e-20
4.560613992297403642e-20
5.030262169560638676e-20
4.533129856379581309e-20
3.757067356276257029e-20
4.110650551336310318e-20
5.575546385714299330e-20
4.969220479841169136e-20
5.491838372689434133e-20
5.978675089668194224e-20
5.136532583774724097e-20
5.344254606738526396e-20
5.483663294230204984e-20
7.151064204312690087e-20
4.987415079220770956e-20
5.923977198475823755e-20
6.429159460802878057e-20
5.132614398533267642e-20
5.809593605360103301e-20
7.748206306672606217e-20
4.676173281501251986e-20
5.564468738459854182e-20
6.615094408260301648e-20
5.976888148009818603e-20
5.419192730159694243e-20
5.891051193790636654e-20
5.693702628708035924e-20
4.641904283483925004e-20
6.060467193879490856e-20
5.993635977240139894e-20
6.945820884619062614e-20
5.291524939379431354e-20
5.832969191742837688e-20
7.354755010687225295e-20
6.336552994373529257e-20
6.226995169993608095e-20
6.433005005516320517e-20
7.177607659667159070e-20
6.883633189960820714e-20
7.624981723697482323e-20
7.063062480168934862e-20
7.449581922903705396e-20
5.560079584565596273e-20
5.966775576637266310e-20
6.091071343022068550e-20
8.218819293395990114e-20
6.788787597731547368e-20
9.275547247267633222e-20
7.840387899238087811e-20
7.123038280833464834e-20
8.161886696323462838e-20
6.599184268178540973e-20
6.309057918869850086e-20
7.269444068150382556e-20
8.812242309415835570e-20
6.056031211582114907e-20
5.422244366349509461e-20
5.779932809348000975e-20
7.695350263800767325e-20
6.605862403737885873e-20
6.561336154401086854e-20
8.036594766724392683e-20
8.352944952902848936e-20
7.174530288947790402e-20
7.090076984491464036e-20
7.167847670991051756e-20
4.801842666715911796e-20
6.297409739029470815e-20
6.356423824862411241e-20
6.746198244483344271e-20
6.468131925133028351e-20
6.826103795773508352e-20
6.950972404913266837e-20
6.204718154114936643e-20
5.289227016402693926e-20
6.220930147235819829e-20
5.691602193903995752e-20
6.280263409677083098e-20
5.386937498463646224e-20
6.885372001861609772e-20
6.043730076463631757e-20
5.440424397531032541e-20
7.004088741414149626e-20
6.293180891459043960e-20
7.235266479481760611e-20
7.239630172467897927e-20
6.393146933556342299e-20
4.921121721719658973e-20
5.730824130067974663e-20
8.214462815464963893e-20
8.443869425620491283e-20
9.338426099280552338e-20
5.532860319689743303e-20
6.237604016218684590e-20
4.919762464075146680e-20
5.597235271092389828e-20
4.074609927957717135e-20
5.190596398849995705e-20
5.213512314089197189e-20
6.205680133868939136e-20
6.162799396091258620e-20
6.581670751042824792e-20
5.409007555420484891e-20
5.066440070032605332e-20
5.360178456701726966e-20
5.436164221974474149e-20
4.536679716766213971e-20
4.563802436954759914e-20
4.079417090857027258e-20
5.285251535080864271e-20
4.042352968645583929e-20
4.636949433786564199e-20
5.034691574301104506e-20
4.430467819169128682e-20
4.011647704062451108e-20
4.193129284882765554e-20
3.869219494585879981e-20
4.048446230438085148e-20
3.899689344032045258e-20
3.365652915881695377e-20
3.868808855814230515e-20
2.477332803241521979e-20
3.804667557136786939e-20
3.379892225947592793e-20
2.985512538967120851e-20
3.988494551254609197e-20
2.922650712982099857e-20
3.070108321060091461e-20
3.037495909149521973e-20
2.727951420797896473e-20
2.794481998477291718e-20
2.435810873190965695e-20
2.719651368883273687e-20
2.271057071702722644e-20
3.036069772917955316e-20
2.225435072676166053e-20
3.315363044299652237e-20
2.990682244421100712e-20
3.587557773178958181e-20
2.674049024172774571e-20
2.751633797996893795e-20
2.521741431036145100e-20
2.204379991487852432e-20
3.231711199325521415e-20
2.291466376120091324e-20
2.839171253356134602e-20
2.522869425688336140e-20
2.504177357780213050e-20
3.046203396859632498e-20
1.758300500264697501e-20
1.839798879874807825e-20
2.166923478338633521e-20
1.809883851878675664e-20
1.575365522037880489e-20
2.004394800676612221e-20
1.873175361658275431e-20
1.801756961647337530e-20
1.541774174693945547e-20
1.811973335311732257e-20
1.395317221423503170e-20
1.253942662946479471e-20
1.402698697507979530e-20
1.106831961079883384e-20
1.154022308652046688e-20
1.174801776840545431e-20
1.106277508975070769e-20
9.448494752154185930e-21
1.161717175172000609e-20
8.379070608546104597e-21
9.335502117557369236e-21
1.001024863785892122e-20
8.572443718217626658e-21
7.796819905031309770e-21
7.567713477165872940e-21
7.666238011136074590e-21
7.115810899573156429e-21
6.962350618035253228e-21
7.904837262518215139e-21
6.650705983104569888e-21
5.898116395971668367e-21
4.752450318015877562e-21
4.462755898717607929e-21
4.835207858453800925e-21
4.189672432144078944e-21
4.457230516259656432e-21
3.736928323334954018e-21
3.285618288153148665e-21
3.802769850326765487e-21
2.700430185162648477e-21
3.349410629004908546e-21
2.845465771956189690e-21
3.557890058344592433e-21
2.279339087771728409e-21
2.331834389664110764e-21
2.053809682758714904e-21
1.660661101893057475e-21
1.983571099183384683e-21
1.492449201836836262e-21
1.808060723046699704e-21
1.279233875258495083e-21
1.089620715877357183e-21
1.279127583875414056e-21
8.460666308631843267e-22
6.091644039661075526e-22
4.977899762062777246e-22
3.232213396387624627e-22
3.110063794773172312e-22
3.249606974996197909e-22
1.738911987896910138e-22
1.709505424360452640e-22
4.385878106571849673e-23
5.147947916453834566e-23
4.666150087445523575e-24
2.034766136136414871e-24
5.613945275104817257e-24
2.561794325998469958e-23
4.401487589057686823e-23
1.565917823841334068e-22
1.420782014971800197e-22
3.851561214116594022e-22
2.908551773281381025e-22
5.553306161503518512e-22
5.174778475331104117e-22
8.627291584526890660e-22
8.784528054061964738e-22
1.243261849539053900e-21
1.131320909687297671e-21
1.748935514578320895e-21
1.728732965674020096e-21
1.969425378898431010e-21
2.496873699235430413e-21
2.520497422779688044e-21
3.211114129207922340e-21
3.900293133810478473e-21
3.367137385635234774e-21
3.814180281460066115e-21
4.344288560969798828e-21
4.527941748758369816e-21
4.980276413097865872e-21
5.917544383489726670e-21
6.174926382917544005e-21
6.469041286083867660e-21
5.801398535218510203e-21
8.766041276429292373e-21
6.843990370220766622e-21
6.973275092724255852e-21
8.152517552675520928e-21
9.284974408043541249e-21
1.062663403381001487e-20
1.196005054333055819e-20
1.065229047971239736e-20
1.186365074063212777e-20
1.297240641806970240e-20
1.739056687394282876e-20
1.494254601252925797e-20
1.545531913458751573e-20
1.779542880232764994e-20
1.855566790077470023e-20
1.790877467106754586e-20
1.959321939348231008e-20
2.067415765638237065e-20
2.226381827561065146e-20
2.341081627685394236e-20
2.009191892632104992e-20
3.523349145430148821e-20
2.464365623400098119e-20
3.132738486076763555e-20
3.222968695629439788e-20
3.050295534054384266e-20
2.900533040031544007e-20
3.543971470904217105e-20
3.864778868308801246e-20
3.826644918617486132e-20
3.411671823509975226e-20
3.394698672089828148e-20
3.226159210154902303e-20
4.809141833211116081e-20
4.707646597900623257e-20
4.111818871206642094e-20
5.347152615153288761e-20
5.199518975227031857e-20
5.989452275778791613e-20
5.844865343524983174e-20
5.560131333601712068e-20
6.023262261769046358e-20
5.910146394592989808e-20
8.113936395572390372e-20
6.113242989814209068e-20
6.822954907511743757e-20
5.743920004804568396e-20
7.834375997325307255e-20
7.245418980124209945e-20
8.919007251000994482e-20
7.710056527793563850e-20
9.079161980666621793e-20
8.267416354536135146e-20
1.039283359126158816e-19
8.289989766876834584e-20
9.092492219468075326e-20
9.853236464365896461e-20
9.099328350399966971e-20
1.053971834837234448e-19
1.329394629241832974e-19
1.093171186291323532e-19
1.092341689567640132e-19
1.246091987360024433e-19
1.090753870679843734e-19
1.470875964909248144e-19
1.314394614127671607e-19
1.204716564189962826e-19
1.517748254217308284e-19
1.818057798646197649e-19
1.681563211862087650e-19
1.444410336357764147e-19
1.462480714684303766e-19
1.417186416675081754e-19
1.579897867166581882e-19
1.684934901227602396e-19
1.479895171819397672e-19
2.302102975435284083e-19
1.899747428380370464e-19
1.907811298935025386e-19
2.034616500974392022e-19
1.919594118257339492e-19
1.831606814012065837e-19
1.740908709142481761e-19
1.763729390050705580e-19
1.876781245822717035e-19
1.916027476656226234e-19
2.169006563356634811e-19
2.176402285055303444e-19
1.918724763698932655e-19
1.896292468495194116e-19
2.178603537431079145e-19
2.343304889464189954e-19
1.934674131897191802e-19
2.503356071812418609e-19
2.068104354364576308e-19
1.867095958997806592e-19
1.995374851969973719e-19
1.834680178423830568e-19
2.193462747718370250e-19
2.172200352043647008e-19
2.038026698866105791e-19
2.277182843433796443e-19
2.064748298502491807e-19
2.200407444159030844e-19
2.659027369588815447e-19
2.672133631049060217e-19
2.034127179831968322e-19
2.555152321197864559e-19
2.436125317323128460e-19
2.108051170143049098e-19
2.160125533780524492e-19
2.444062390305698004e-19
2.264392852979707779e-19
2.376393210968600258e-19
1.814118594461668587e-19
2.532334818346306380e-19
1.902107022708355346e-19
2.158359412341500555e-19
2.038396419141446607e-19
2.199535447711170268e-19
2.342704667013419019e-19
1.892129382527376226e-19
2.301281275542939343e-19
2.036695181578516682e-19
2.003088898558130691e-19
2.203078193560730232e-19
2.133585621577139699e-19
1.884289525711256753e-19
2.104352128709024468e-19
2.061701981440366842e-19
2.020201997475103273e-19
1.729171745348112842e-19
1.808886800946562879e-19
1.489969948683497519e-19
1.409040459528670834e-19
1.679295790376271513e-19
1.805838933772275506e-19
1.284188621067700314e-19
1.801598149056324003e-19
1.574657908251374087e-19
1.667197648366848324e-19
1.782981060072487042e-19
1.396577688875497393e-19
1.349675674125388173e-19
1.300001509330961105e-19
1.140350785670056857e-19
1.341816481183599436e-19
1.278904885350473028e-19
9.372067934162625815e-20
9.686057393953165879e-20
4.411425130038970397e-23
5.017729287765256986e-23
4.675877825178264043e-23
5.283076579891828929e-23
4.934217072331164263e-23
5.541445199970058902e-23
5.182505819413647352e-23
5.789396758968848372e-23
5.416527934244896742e-23
6.023293131403624008e-23
5.631862055810384285e-23
6.239375215925650922e-23
5.823989140169850559e-23
6.433856802175440976e-23
5.988420752963517931e-23
6.603010275299459575e-23
6.120833994381273775e-23
6.743269526570001936e-23
6.217225781038178282e-23
6.851364424475949995e-23
6.274091258542902093e-23
6.924450935923225580e-23
6.288601695365141599e-23
6.960221433419952087e-23
6.258768460567517597e-23
6.957025058551185789e-23
6.183604221590415971e-23
6.913994418667053125e-23
6.063272384263033033e-23
6.831133863975951300e-23
5.899192511819700679e-23
6.709367905185086877e-23
5.694094099045452533e-23
6.550580785469525613e-23
5.452029901526705500e-23
6.357626676573034811e-23
5.178332324525367811e-23
6.134270350676933076e-23
4.879486751462708381e-23
5.885079436945734608e-23
4.562932185484841269e-23
5.615299973512532443e-23
4.236809545849559324e-23
5.330686930573595956e-23
3.909648025977734486e-23
5.037271047370115387e-23
3.589987146635894007e-23
4.741109970057490634e-23
3.285972969074458307e-23
4.448053233605173915e-23
3.004962303414169377e-23
4.163493016081571324e-23
2.753138206983811585e-23
3.892110096415180410e-23
2.535158916212508182e-23
3.637677727122033892e-23
2.353893337788213470e-23
3.402936027496944475e-23
2.210269753391186217e-23
3.189504503296914961e-23
2.103232484523902738e-23
2.997855849660804463e-23
2.029822872615040071e-23
2.827397731602393047e-23
1.985410998140037166e-23
2.676635652659721647e-23
1.964058543609860297e-23
2.543369370960805590e-23
1.958967893038748351e-23
2.424939212016813731e-23
1.962998357904089595e-23
2.318530078727959038e-23
1.969226210851264738e-23
2.221466580518838525e-23
1.971481031462186871e-23
2.131449982210978363e-23
1.964793150846891709e-23
2.046754820761110672e-23
1.945729213365492257e-23
1.966373479429155695e-23
1.912591166724800925e-23
1.890046772360517000e-23
1.865433363745814746e-23
1.818175820368708303e-23
1.805890395609363942e-23
1.751668948202402561e-23
1.736859874887593310e-23
1.691731750506224766e-23
1.662077152589751656e-23
1.639585306058565866e-23
1.585608589543854182e-23
1.596169441410673532e-23
1.511331923966350052e-23
1.561910064013385124e-23
1.442492997490358684e-23
1.536559106256861449e-23
1.381383547728061989e-23
1.519103547502398973e-23
1.329157265765202332e-23
1.507795472251926374e-23
1.285818857015222198e-23
1.500327994573845599e-23
1.250397589478876538e-23
1.494098164835746240e-23
1.221249439386896904e-23
1.486505697904900622e-23
1.196417232048695708e-23
1.475284496399753970e-23
1.174007463642914339e-23
1.458821893812775789e-23
1.152526709440156893e-23
1.436370802172408430e-23
1.131093539342991708e-23
1.408118917014983163e-23
1.109488711622326238e-23
1.375141298767765078e-23
1.088070004865674649e-23
1.339229972489672024e-23
1.067576156951008312e-23
1.302586420612220215e-23
1.048842707372176343e-23
1.267446518159743256e-23
1.032507259071790547e-23
1.235739036704852171e-23
1.018800908578006527e-23
1.208811442263290240e-23
1.007462569669346072e-23
1.187240098416348081e-23
9.977759664520567151e-24
1.170791551606169558e-23
9.887411356272226219e-24
1.158563691521275993e-23
9.793552122518347473e-24
1.149234631846842672e-23
9.689045650073118060e-24
1.141347988087829792e-23
9.571755302010082355e-24
1.133617687270457967e-23
9.445472407795551633e-24
1.125194303670312839e-23
9.319357394637088895e-24
1.115788609137362565e-23
9.205616414603697871e-24
1.105632207446010216e-23
9.115916134935564665e-24
1.095338074998210710e-23
9.057699472467618746e-24
1.085682789899580955e-23
9.031302141753729556e-24
1.077318349492552443e-23
9.028441633994423132e-24
1.070511513372194026e-23
9.032753249235445547e-24
1.065015664049437286e-23
9.022640944849983534e-24
1.060066641154313316e-23
8.975676767268614588e-24
1.054468212922473962e-23
8.873342550924268422e-24
1.046794022135118285e-23
8.705196330774075043e-24
1.035681588263630121e-23
8.471567250016219981e-24
1.020096935710576449e-23
8.183843560091219028e-24
9.995054174317693461e-24
7.862210082934358775e-24
9.739797437413532953e-24
7.531698707223910231e-24
9.442290594263249035e-24
7.217569957771855898e-24
9.114950152963551780e-24
6.940861346528876011e-24
8.773647441424249725e-24
6.715126668076895188e-24
8.435969127601375776e-24
6.545209061818756496e-24
8.119539111100529749e-24
6.427925653424282278e-24
7.840063825282421973e-24
6.353903062589201365e-24
7.609708000389665231e-24
6.309991050731453528e-24
7.436277320305531762e-24
6.281757654473998684e-24
7.322645268873260737e-24
6.255374947418989550e-24
7.266206197189503289e-24
6.218631381627407547e-24
7.259134203422150299e-24
6.161560897692975293e-24
7.289668734769212743e-24
6.077144787141493008e-24
7.343694044279202204e-24
5.962036476735597395e-24
7.406458437893239365e-24
5.817230575095838532e-24
7.464827408515828929e-24
5.648630755147507178e-24
7.509473488774779836e-24
5.467006057498987008e-24
7.535893513213869587e-24
5.286689416096761894e-24
7.544292826717338789e-24
5.123081754450063718e-24
7.538918138013620470e-24
4.989620896909777564e-24
7.526582017193540443e-24
4.894850485949257696e-24
7.514243558565002405e-24
4.840282390519753740e-24
7.506743350598463904e-24
4.819915578824812223e-24
7.505610814223005636e-24
4.821759579502095450e-24
7.508598629561345578e-24
4.830785810263524759e-24
7.509785566118698375e-24
4.832412220054223924e-24
7.500928656732493709e-24
4.815798888936067645e-24
7.473906576405472511e-24
4.776195755937253355e-24
7.422971275064758247e-24
4.715651183124018966e-24
7.346277189559450380e-24
4.642036478838052125e-24
7.246968157594931852e-24
4.566909024093308645e-24
7.133219554890799847e-24
4.502646979206975596e-24
7.016354892100910120e-24
4.459202865978725340e-24
6.907770151246025105e-24
4.441214530906928377e-24
6.816147072600112309e-24
4.446366251917017633e-24
6.745359857639263203e-24
4.465460020018752927e-24
6.693314733778652561e-24
4.484342130268733493e-24
6.652850125668939094e-24
4.487695164675033912e-24
6.614900408509809562e-24
4.463953183937408510e-24
6.572132338864228105e-24
4.409573985940932387e-24
6.521448066510631021e-24
4.330889051284303671e-24
6.465148293258564755e-24
4.242691222483651899e-24
6.410386487685308876e-24
4.163645314335621146e-24
6.366370649498894827e-24
4.109657140529077306e-24
6.340593728099633892e-24
4.087710329968197146e-24
6.336458931675851953e-24
4.093021522344721055e-24
6.352983122890825863e-24
4.110819463687440211e-24
6.385856690872835888e-24
4.121999311384043444e-24
6.429682213046502216e-24
4.110602720711113330e-24
6.480898925236807311e-24
4.070239429507736242e-24
6.539404011171764828e-24
4.006506739026817775e-24
6.607582162005597982e-24
3.934256228237329860e-24
6.687858015935341812e-24
3.871300450696923599e-24
6.780172473805427461e-24
3.831549868476660502e-24
6.879650537325168666e-24
3.820265898789337186e-24
6.975359044274756981e-24
3.833223589842803394e-24
7.051794226811268146e-24
3.860055427477040452e-24
7.092859423042847132e-24
3.889829821407087257e-24
7.086295429282635750e-24
3.915775608767427659e-24
7.027472180664256249e-24
3.937174345790593238e-24
6.922193221708172532e-24
3.958262700091811784e-24
6.786925518809636880e-24
3.984980528540387706e-24
6.645182011806636752e-24
4.021082943632976275e-24
6.521563180847532883e-24
4.065642278431319439e-24
6.435956442850547720e-24
4.113104796545238370e-24
6.398952532138969221e-24
4.155248292710134212e-24
6.409483300184976520e-24
4.183714767958092339e-24
6.456421838013191501e-24
4.192399413631238904e-24
6.523773981290397263e-24
4.179167367945998782e-24
6.596291627724511072e-24
4.146241873037972471e-24
6.663169473821138128e-24
4.099354390857951088e-24
6.719665057010836957e-24
4.046462625984721691e-24
6.766332488957186087e-24
3.996278929998132853e-24
6.805658113237309730e-24
3.956352817232167463e-24
6.838323481751304974e-24
3.931224101634732569e-24
6.861951014594317462e-24
3.921624927035897345e-24
6.872269968254714836e-24
3.924835163169943944e-24
6.865026173521345047e-24
3.935707628582002289e-24
6.838237015607107628e-24
3.948203867710137077e-24
6.794325305302461642e-24
3.957032206948019867e-24
6.740209348746327510e-24
3.958367726825934488e-24
6.684852139880898330e-24
3.949420047782039401e-24
6.636562396383696016e-24
3.927996682590041327e-24
6.601623351478124007e-24
3.892965521772579347e-24
6.583533770265376536e-24
3.845296756436019119e-24
6.582684921270746258e-24
3.789060722630997988e-24
6.597258852572970441e-24
3.731822524402242602e-24
6.624396115910034608e-24
3.683473425619513716e-24
6.659957284613626354e-24
3.653101579268769674e-24
6.697804474176282291e-24
3.645389376955969586e-24
6.730585150969855878e-24
3.658715368636445270e-24
6.751538880117987535e-24
3.685670443660260299e-24
6.755908285084525081e-24
3.715347296874092262e-24
6.742244161505830195e-24
3.736584385729310661e-24
6.713599840787549591e-24
3.741046606137239673e-24
6.676904487818983368e-24
3.724819008830901791e-24
6.640358618493522926e-24
3.688378380814945701e-24
6.611242282448603113e-24
3.636034765833457793e-24
6.595094070651794957e-24
3.575230480576039414e-24
6.594922033734486511e-24
3.514998365723325657e-24
6.610481444531175400e-24
3.463586597957766728e-24
6.638958011519214927e-24
3.426359375324740194e-24
6.676286635259281536e-24
3.404754644443471512e-24
6.717482725798424947e-24
3.396484149894515415e-24
6.756856303848525426e-24
3.397143683898011528e-24
6.789315803666007294e-24
3.402605551110688239e-24
6.811287449679312509e-24
3.410392877789787595e-24
6.820113935119571409e-24
3.419102663100475935e-24
6.813765503800999980e-24
3.427154080152037580e-24
6.792014612414870182e-24
3.432457566964088737e-24
6.757365656286116676e-24
3.433094282365707210e-24
6.714936111983178860e-24
3.428399824647384853e-24
6.672526537265908934e-24
3.419951002669395829e-24
6.640278798913665558e-24
3.411546713384344641e-24
6.627886671846933827e-24
3.407553272844814782e-24
6.640592852178733300e-24
3.410706894247239904e-24
6.677359476011877219e-24
3.421085864503912291e-24
6.731595038154751777e-24
3.436360617886671749e-24
6.792794509215747201e-24
3.452486920391805582e-24
6.849301576556395021e-24
3.464941605128873332e-24
6.892171625320691915e-24
3.470740575987334609e-24
6.917313248214379013e-24
3.470146750393275988e-24
6.924491996357785054e-24
3.466821915886847195e-24
6.915931485204385186e-24
3.466437246962431071e-24
6.896323757023448566e-24
3.474170822999822184e-24
6.872308528631344779e-24
3.491600501868039935e-24
6.850512942230149643e-24
3.514816466926856044e-24
6.836121057626176483e-24
3.535902281554762041e-24
6.832404024440543111e-24
3.547195827493346878e-24
6.839858937346729333e-24
3.545221956389329146e-24
6.855985434106270464e-24
3.532148519272899437e-24
6.877317391794764318e-24
3.514711136427462793e-24
6.901434584981532477e-24
3.501151751100135427e-24
6.926248438175294414e-24
3.497354200805606824e-24
6.948604447546643945e-24
3.504495429214183447e-24
6.965079791183356881e-24
3.519543234125324942e-24
6.973615878164879424e-24
3.537370503835853908e-24
6.973984606699567653e-24
3.552871405491283427e-24
6.967967305716658547e-24
3.562861720157259345e-24
6.959338378425855917e-24
3.567322982206240902e-24
6.951914914250432127e-24
3.568731539757164817e-24
6.946990225322215187e-24
3.569764179409487419e-24
6.943641318370177118e-24
3.571500837353196129e-24
6.941027254534537136e-24
3.573184486930747152e-24
6.938866904600418156e-24
3.572883502779326822e-24
6.936416083841025808e-24
3.568707107618822686e-24
6.932826376606832542e-24
3.560404409543059847e-24
6.928213460005023421e-24
3.550018915279593962e-24
6.923490250424609211e-24
3.540721165597453969e-24
6.920214536512796428e-24
3.535158728726883550e-24
6.921200191427811250e-24
3.534742067188789683e-24
6.929422043499505674e-24
3.539372264593218577e-24
6.945197012597877125e-24
3.547174265810273524e-24
6.965690667643656385e-24
3.555164782975661917e-24
6.987434891940993049e-24
3.560892873367023928e-24
7.007799676599159222e-24
3.563496669830872465e-24
7.024397048901123707e-24
3.563611856010422894e-24
7.035337676248671465e-24
3.562991962429920353e-24
7.040348184581918831e-24
3.563864281145051474e-24
7.040481421680194728e-24
3.567577892807094644e-24
7.037593221573151434e-24
3.573654397137547264e-24
7.035319426045782043e-24
3.580488819567598099e-24
7.038974381496973454e-24
3.586806067153833448e-24
7.052710513658380747e-24
3.592576386766981991e-24
7.077710138300543027e-24
3.599651787544297002e-24
7.113637471495997643e-24
3.611892140218566607e-24
7.159600461505755934e-24
3.632988278959395465e-24
7.212303359190556546e-24
3.661981885553763985e-24
7.264304717728358205e-24
3.689858185110703540e-24
7.304021101229594806e-24
3.700445034298223335e-24
7.316380189437411430e-24
3.675960276393935416e-24
7.285896249790805800e-24
3.605303604964384160e-24
7.204063253526978405e-24
