0.000000000000000000e+00
0.000000000000000000e+00
9.609190325188274667e-10
6.089433556611621783e-10
2.978565680422426427e-10
8.523841664829923578e-11
9.123539993291016617e-11
8.463939728967139864e-11
6.114447671458735363e-11
3.042512137237525646e-11
4.405523837335243986e-11
3.850812822652794396e-11
2.674300060328431718e-11
3.246090667980479265e-11
2.012055325290749319e-11
2.193244096320978432e-11
1.530870713656325720e-11
2.275856730884826467e-11
9.824456169721074833e-12
5.872821090715231889e-12
1.452662012328557632e-11
9.619723916488475856e-12
6.537285639109857264e-12
9.440212125048951316e-12
5.926901799700033077e-12
5.851447537762757743e-12
4.319013548442981354e-12
5.413005126263214037e-12
3.282444301528291261e-12
4.636396491076278126e-12
2.810339616929998988e-12
2.759273503332494417e-12
3.169223602351862453e-12
3.114416198004247643e-12
2.577355307208013840e-12
2.314093714649026955e-12
2.427175138809515145e-12
2.050155180424880539e-12
1.841094067713995774e-12
1.703937570764478745e-12
1.323722154294089811e-12
1.470928223825435296e-12
1.214135784394764895e-12
1.232531692283012721e-12
1.363931600050052444e-12
1.235712464013136897e-12
1.000230049350900608e-12
1.008782889469423859e-12
8.704829356814624287e-13
9.407784247020324742e-13
9.304545772455955898e-13
7.976146982479054045e-13
6.494494407542263766e-13
6.744195309523507898e-13
5.377884442682343930e-13
5.362531977827172169e-13
6.339711868825134619e-13
5.687815739565898378e-13
3.941315725576520116e-13
3.315687112379823774e-13
4.526404062218373478e-13
4.268808543108552263e-13
3.187351665751870742e-13
4.126738314509229360e-13
4.789696684810273992e-13
3.184225647136219402e-13
2.812612007194005955e-13
2.617202068716358102e-13
3.336353241174846268e-13
2.906068079845609746e-13
2.587734448281886157e-13
2.041324940213536720e-13
2.379960920852730795e-13
1.986963553517610371e-13
1.562770798992003756e-13
1.463947237567867390e-13
1.607990260845496752e-13
1.528171284141009189e-13
1.575303238418931687e-13
1.362995714818099549e-13
1.227886933492108015e-13
1.320724799642008555e-13
9.777129198076782715e-14
9.872040376684367548e-14
1.037735238054713489e-13
9.982379225243267162e-14
1.000777753240886386e-13
7.912064459076123866e-14
7.978997573620552981e-14
8.455094887615296797e-14
7.474081577319235154e-14
7.419228081161129112e-14
6.587966418264929758e-14
6.515261359903037161e-14
6.047765731446182763e-14
7.664765416013254107e-14
4.410563756737094333e-14
5.086019239456622569e-14
4.536621955814571528e-14
5.107175725843700102e-14
4.212697045015830289e-14
4.502877055993712987e-14
3.959295086491896467e-14
3.566771626075806888e-14
3.024979975330314702e-14
3.126621192264063549e-14
3.166882021435679841e-14
3.127860003298762596e-14
2.631340921511236169e-14
3.070220387471137424e-14
2.393212333081343851e-14
2.660470220072051458e-14
2.401044763922384757e-14
2.298806836489621581e-14
1.874575317310116208e-14
1.987689261329679700e-14
1.634141497554158902e-14
2.080833859022986408e-14
1.633242992370410845e-14
1.681416102096360156e-14
1.468735658215700241e-14
1.360690554285597474e-14
1.461863465853392548e-14
1.392490183358356631e-14
1.456844141219358815e-14
1.106863912505721144e-14
1.089204290662167128e-14
9.794792244218328322e-15
1.031854648900444516e-14
9.200575508714675920e-15
9.606619317814231321e-15
8.191655580373911667e-15
8.317943719728506170e-15
7.814533019795271509e-15
6.383979098013030776e-15
6.383356160688597034e-15
6.988025772324961673e-15
6.634911496227036157e-15
6.377962601487803826e-15
5.959068877481761360e-15
5.349494643116941718e-15
5.712066525677377880e-15
4.609025309237147769e-15
4.766972814456947875e-15
4.515667231572141385e-15
4.074408499858085648e-15
3.480606623005374851e-15
3.667999377366048419e-15
2.929125131420855261e-15
3.471698733095176049e-15
3.288875650572205290e-15
2.957982075252444184e-15
2.812593764442860997e-15
2.675781819211593413e-15
2.874989230025985416e-15
2.628348912676116353e-15
2.342191903827493904e-15
2.050893098000485225e-15
2.027362372592744246e-15
2.280141522040060696e-15
1.702626314896938175e-15
1.920285208125386409e-15
1.816361296954727074e-15
1.655552902493975589e-15
1.532040618604340018e-15
1.639110759159322358e-15
1.507131328525480380e-15
1.541753914134298463e-15
1.231611162467605917e-15
1.202694940136528278e-15
1.201420062493545436e-15
1.220993393456802812e-15
1.150468174783509815e-15
1.133403005140250681e-15
1.003842330149508994e-15
8.287586934444806001e-16
8.567081417961182589e-16
7.477070637096276879e-16
8.475716558391872557e-16
8.229871021310629847e-16
7.709710974548003234e-16
6.958422293152670337e-16
7.085526838211777915e-16
6.477996422323734753e-16
6.908819012282626910e-16
5.712212696610373249e-16
5.996445894255421993e-16
6.168866101200112540e-16
5.937142602671247304e-16
5.408244410069591231e-16
4.498046332578244413e-16
4.949130193809684607e-16
4.016953153495014763e-16
4.671281498567348700e-16
3.742874066492383009e-16
4.150018119828083522e-16
3.620121416749916129e-16
3.693797147790396177e-16
3.369509079892044649e-16
3.217116667553501149e-16
3.262464259448653761e-16
2.617097781252132953e-16
2.869477277747453867e-16
2.427331815731703505e-16
2.241372807532032348e-16
2.373166464649336251e-16
2.500334726242649770e-16
2.352315701391726076e-16
2.073100027384598423e-16
1.983521733440074465e-16
2.202630308190293872e-16
1.841391868370942414e-16
1.790522857227070083e-16
1.693674805084449769e-16
1.674781864645422534e-16
1.597392306814369076e-16
1.321738587636173973e-16
1.357835033699506491e-16
1.311487527625926645e-16
1.255002828559765319e-16
1.366330851696648264e-16
1.103957074980388676e-16
1.101512082783550205e-16
1.159472866413120965e-16
1.044194554582883886e-16
9.526101044585800523e-17
8.192165398922781931e-17
8.833079958801876191e-17
8.322943308235303515e-17
8.300947112925325299e-17
7.427811197429594684e-17
7.861779818365361833e-17
7.979052983872340454e-17
6.694367484445174170e-17
6.268697492739285167e-17
6.273648585931852397e-17
6.349182197506176936e-17
5.347643338248614404e-17
5.674312243016981415e-17
5.246277071150999987e-17
4.976231186713507835e-17
5.446021082492370058e-17
4.739043077579813375e-17
4.540826737882466504e-17
4.296943082510160924e-17
4.347400664694282087e-17
4.203062677592186844e-17
3.874516598081378473e-17
3.771923819913889316e-17
3.129905969984725826e-17
2.866580493061998181e-17
3.063012132601975911e-17
3.156241017234383385e-17
3.078536142556803908e-17
2.684010306455824050e-17
2.533179545062596726e-17
2.562914019617254398e-17
2.124301769593080982e-17
2.299601172103989159e-17
2.354594474441549933e-17
2.074766357282233964e-17
1.981493369195175743e-17
1.928773048490776966e-17
1.999071893429253447e-17
1.798800823261839707e-17
1.755514150138181050e-17
1.859387953248480299e-17
1.708043634948587732e-17
1.766775703065552178e-17
1.488852354048900304e-17
1.496696589373420704e-17
1.413234957251443904e-17
1.348075977361251043e-17
1.292897420498617019e-17
1.266703904921161300e-17
1.232298073623641059e-17
1.104348262451525964e-17
1.035181905524309472e-17
1.027156033244034017e-17
9.925976062170194538e-18
1.059781550834711914e-17
1.018977657794349207e-17
9.484346809911309059e-18
8.430662348625054066e-18
8.849434279822109133e-18
8.963333246306746072e-18
7.068364267245125895e-18
7.891350853169507963e-18
6.681229522948521265e-18
6.555256616646590750e-18
6.822632442872011088e-18
6.550165884103762527e-18
5.846473288087668226e-18
6.763373489241355891e-18
6.393330688443167228e-18
5.374813983295852801e-18
5.197445409683540593e-18
5.205011380579849756e-18
5.233596361388028340e-18
4.551982504141191765e-18
4.690519188364488683e-18
4.670663114406395969e-18
4.186559400390433602e-18
3.913946041360538389e-18
3.865142124582470705e-18
3.421090511018381044e-18
3.718901025077403420e-18
3.569307172427418230e-18
3.109773553826394335e-18
3.205549650232219732e-18
2.587885662160363568e-18
2.957273693595445872e-18
2.757185173440604769e-18
2.711805661554867017e-18
2.750621907053692077e-18
2.711902729948554782e-18
2.447692387015291968e-18
2.273363332954362926e-18
2.348862277212591830e-18
2.143339135041962390e-18
2.164993728271999262e-18
2.052170789883791418e-18
1.782433408282634322e-18
1.886546513172717137e-18
1.757612223760107751e-18
1.721316363250633974e-18
1.648930253980913959e-18
1.680141981424849544e-18
1.586723032431583804e-18
1.383832492242557205e-18
1.374194304893067214e-18
1.390884383157232534e-18
1.206484076269672327e-18
1.310750416072194550e-18
1.255233653087048969e-18
1.188043830379219496e-18
1.066043445760499411e-18
1.021530171130127137e-18
1.053546865172538644e-18
9.264548121778200860e-19
1.030529656012838137e-18
9.187215051892669262e-19
8.858177577991587917e-19
8.399503945213313769e-19
8.232929455757157108e-19
7.193036718805870369e-19
7.094570900210236491e-19
7.613938457628635522e-19
7.140820823643078139e-19
6.481226723354598282e-19
6.513000518473720976e-19
5.720726519556428143e-19
5.920573594785772872e-19
5.562745384389253862e-19
5.415943935482150267e-19
4.274055927716653832e-19
4.714666899813547965e-19
4.777667752205494427e-19
4.414183350868558484e-19
4.440803953905491502e-19
3.829402162166613726e-19
3.819104895672156248e-19
3.638853116586527768e-19
3.433777841071848677e-19
3.756396508758774220e-19
3.146115546552874016e-19
2.979428800605364802e-19
3.201919540112594130e-19
2.814092252068905247e-19
2.610030142701707747e-19
2.931845032876102415e-19
2.709018833244638395e-19
2.277778434914111985e-19
2.126393714448838268e-19
2.398042120103507537e-19
2.110408017671876771e-19
1.938599562909163339e-19
2.174977509873987050e-19
1.771534530112412467e-19
1.700264408891658197e-19
1.722786011372465078e-19
1.532598244632057566e-19
1.538552601408024514e-19
1.360753048582678740e-19
1.339434719784080584e-19
1.201291278593975661e-19
1.285821172934655196e-19
1.139603990900382819e-19
1.084700852104755470e-19
1.048385967945132553e-19
9.044084121572599603e-20
1.030369448582594399e-19
8.508016014116541672e-20
8.835695789958537945e-20
8.496257168495001558e-20
7.003549078196968280e-20
7.023095341736075450e-20
7.157643243008128945e-20
6.024268733846315243e-20
5.805957704018108677e-20
5.720651342340591885e-20
5.286633913993284144e-20
5.176546148634211666e-20
4.871076579908291410e-20
4.018646180780182579e-20
3.726562676852825240e-20
3.712746915445069613e-20
3.589064296092802699e-20
3.314598535525029321e-20
3.238164496532502603e-20
3.030680857712016582e-20
3.145475853039296599e-20
2.714962686094572281e-20
2.168533108892500825e-20
2.259912325085815353e-20
2.090968244936191428e-20
1.977895704056662655e-20
1.854005783350456618e-20
1.571731575180588443e-20
1.692519886509867764e-20
1.524540278665615778e-20
1.432062853005428264e-20
1.349316215835890279e-20
1.096949486378642466e-20
1.020331007878833605e-20
9.900008163464276458e-21
8.576101441873738034e-21
7.966703859196647213e-21
7.584611737618941630e-21
7.311079668011517859e-21
7.067361614964631924e-21
7.059246926469035913e-21
5.167388265146007498e-21
5.043728167248117358e-21
4.671645416469565374e-21
4.949085749316415834e-21
4.209111468130300399e-21
3.617148295274352756e-21
3.488763550913059209e-21
3.123884786517638568e-21
2.921960510299867191e-21
2.673379065933612342e-21
2.398737234436759338e-21
2.287477891537452380e-21
2.294489026320087882e-21
1.881044043007903376e-21
1.766718913184447550e-21
1.528045546881219798e-21
1.413267943226135791e-21
1.208442206528064834e-21
1.102299323542543215e-21
1.033972000603216091e-21
8.195737513375008353e-22
7.451245609809022302e-22
5.892685568266478102e-22
5.152992480486005269e-22
4.583175523121190758e-22
3.944180378705487496e-22
3.159570561418733823e-22
2.730547390835353371e-22
1.793593289617061120e-22
1.663246235312287936e-22
1.012327079982421582e-22
8.070364656443892170e-23
5.202256716625437749e-23
2.458036021681104636e-23
1.768063105455120705e-23
4.150006825599935263e-24
4.019713554445137412e-25
7.459475098904638330e-25
7.158267163005431606e-24
1.275074672345842013e-23
2.750944850765340794e-23
4.502942001465149423e-23
6.135145643819424947e-23
9.240236934541467234e-23
1.138088159016719543e-22
1.418215679322093321e-22
1.585503171262472372e-22
1.782142831163823633e-22
2.054998742992637753e-22
2.121968122521691464e-22
2.537199959548156450e-22
2.848925224354563414e-22
2.797020506515111490e-22
3.465948906722552468e-22
3.388636902718281962e-22
3.991481506848282682e-22
4.047002751722301073e-22
3.895881553966041096e-22
4.794368028731590500e-22
4.723332119561361741e-22
4.730285304351940001e-22
5.032443708345569643e-22
4.969900804252490914e-22
5.552746064928554808e-22
4.940546010713445751e-22
5.470757725803180721e-22
5.370829767565378590e-22
5.839011839400365191e-22
6.125563238909037334e-22
6.133350702784030801e-22
6.182444082234361349e-22
6.830156912337042431e-22
6.823996760418972839e-22
7.436195061163098256e-22
6.906198773510898867e-22
7.306314858429298275e-22
8.189657274409064422e-22
7.935351164072886845e-22
8.759833706383898031e-22
8.801454629465130665e-22
1.009456399206301812e-21
9.577194821398339392e-22
1.015513772096375100e-21
1.093985819277669641e-21
1.141086560121030476e-21
1.329041537937463054e-21
1.248393750059433882e-21
1.359893094986770742e-21
1.489904405658650669e-21
1.457796453891518568e-21
1.408804945603825389e-21
1.647622018174440665e-21
1.679880835943994971e-21
1.845738995645447315e-21
1.893228467071627110e-21
1.927976562665647960e-21
1.850646520002081864e-21
2.118807250372983273e-21
2.149219033831720393e-21
2.194200819188371780e-21
2.446273148236913921e-21
2.268467215080249702e-21
2.855125431561633811e-21
2.368622652120516002e-21
2.307971161659440374e-21
2.539573762528316478e-21
2.823992105030967070e-21
2.605613383719866054e-21
2.585791174506322343e-21
2.737044038370974266e-21
2.829089310135513204e-21
2.839398543658333809e-21
2.843354750740650947e-21
2.858679369145956550e-21
2.788579326322334811e-21
2.905103240587721261e-21
2.914299986502377406e-21
3.014486796400116795e-21
3.014850328674649696e-21
3.083356846141143205e-21
3.112128551729437057e-21
3.129228796586834712e-21
3.392026283575549978e-21
3.116006737266417453e-21
3.354331437750738549e-21
3.429019169392789102e-21
3.275945768751267285e-21
3.353660261637177848e-21
3.621596159135553483e-21
3.549621296996735990e-21
3.365113173528460598e-21
3.412564761980509409e-21
3.906345190332125570e-21
3.549869142544912593e-21
3.757857269385583608e-21
3.759021099336276522e-21
4.002506438555378278e-21
4.411112151683619224e-21
4.155789938057629093e-21
4.225850680098160079e-21
4.472388166850400663e-21
4.418256452551625938e-21
4.669664293634515556e-21
4.997524240807127974e-21
4.772105696739721083e-21
4.955392612020437233e-21
5.420459265705506363e-21
5.054266540957127499e-21
5.256416031062430056e-21
5.408603168286896126e-21
5.354831467090463126e-21
5.477119345295481147e-21
6.011920579292591645e-21
5.559386434002795242e-21
6.657505592464170292e-21
6.297924203753799457e-21
6.124391648198858303e-21
6.753082439200467940e-21
6.611151414481245798e-21
6.827021910269008544e-21
6.586679899125212449e-21
7.014296174307976109e-21
6.648329860464928264e-21
6.955130036309707754e-21
7.499028647264105646e-21
7.778638902749891944e-21
7.369266540016805560e-21
7.016641638194167438e-21
7.535774336395473757e-21
7.853113220012263421e-21
7.557755327471308547e-21
7.740654496493153847e-21
8.048377410061564961e-21
8.472470147203059546e-21
7.306479736210113510e-21
8.510329325352436193e-21
8.059354132433191054e-21
8.882824327981899139e-21
8.330762974811488158e-21
8.620697782476828947e-21
8.638131822118681168e-21
8.309795526326870351e-21
9.299876894626131471e-21
8.838389906489477354e-21
9.710416147010877719e-21
8.632041286724932225e-21
9.159552370002381688e-21
9.066139417825347009e-21
9.949377874833690499e-21
9.348864036437624250e-21
1.025690064688438184e-20
9.568901132346177839e-21
9.682014799077526879e-21
9.450273258982593513e-21
9.540027635211734223e-21
9.993910647674087620e-21
1.058166722393798171e-20
1.101917438881163281e-20
1.086884097646599912e-20
1.063660327950653285e-20
1.122024568457793959e-20
1.097697953893093602e-20
1.097425760235230602e-20
1.179882944650549395e-20
1.160951539495301037e-20
1.193405597514778496e-20
1.210688621018342970e-20
1.245230210069263883e-20
1.154723925655416294e-20
1.223715300560348518e-20
1.314951610547659740e-20
1.373972420141274288e-20
1.294343212079775726e-20
1.398211320537186354e-20
1.280625623953555854e-20
1.398868774490028473e-20
1.338618912948708673e-20
1.364931791941068598e-20
1.331443990170693989e-20
1.313914386755143945e-20
1.324539072252109359e-20
1.383581074495662013e-20
1.380184542359711921e-20
1.310444916313120824e-20
1.439056040379496274e-20
1.354273344430930945e-20
1.471270139822524814e-20
1.434136885338304656e-20
1.432951310101838603e-20
1.400030913039491855e-20
1.460179204292936191e-20
1.468065070561046695e-20
1.553448790461389121e-20
1.493330788308947225e-20
1.513316807645997568e-20
1.521072589565266853e-20
1.452698825088437619e-20
1.533774446425281685e-20
1.414319325938768474e-20
1.419496717279168421e-20
1.522359769167579150e-20
1.431682977408751390e-20
1.511451948346876169e-20
1.585195217366006734e-20
1.572777715463196370e-20
1.480735231517418209e-20
1.542747676766067254e-20
1.524424424659883177e-20
1.581971477625248689e-20
1.473995971366214240e-20
1.599403105690000695e-20
1.537833585535886046e-20
1.507060088982925021e-20
1.515883672894372379e-20
1.477223878894167234e-20
1.399825622716380006e-20
1.487702545872677514e-20
1.602249583123069620e-20
1.503617255370805028e-20
1.400449004699058980e-20
1.405834334249733821e-20
1.574255098951936974e-20
1.456766822055307824e-20
1.503878057475500162e-20
1.517775732139540844e-20
1.446857167352670182e-20
1.352199330799394337e-20
1.546997184816709006e-20
1.486453262041866069e-20
1.452690782923842005e-20
1.443153762409138926e-20
1.397152048730129838e-20
1.430664743960634484e-20
1.492077662893714602e-20
1.360927355481067879e-20
1.411901652727617117e-20
1.471137735368542731e-20
1.399330893422915736e-20
1.452565878754984532e-20
1.285014598566626070e-20
1.469913413751994615e-20
1.358286770922216661e-20
1.400762336753279867e-20
1.253782136880785226e-20
1.382562907526627611e-20
1.419753774025319356e-20
1.364629734656443841e-20
1.316015091921260856e-20
1.322029459093635997e-20
1.265538328894979283e-20
1.331987590267515091e-20
1.297213026692769065e-20
1.296188226693922954e-20
1.213702506711935779e-20
1.249874381218476939e-20
1.284542016705872781e-20
1.293544768930983716e-20
1.114775307488915449e-20
1.260109431936255078e-20
1.225248160676779509e-20
1.178512899285778674e-20
1.193799197199710544e-20
1.065451307011804214e-20
1.156017033115541086e-20
1.078052623247287674e-20
1.051727003400966725e-20
1.084525572240084414e-20
1.033492770395155814e-20
1.099959108673883171e-20
9.589069346992612252e-21
1.055351256680173402e-20
9.414151860342660609e-21
9.834022730563619723e-21
9.912490971892883204e-21
9.396921975814492821e-21
1.003862371036951934e-20
9.442164701663716503e-21
8.721385339402605806e-21
8.877543651533573874e-21
8.873490546396483639e-21
8.611241191794194873e-21
8.552324410889902164e-21
8.324484354803443706e-21
8.339565550353805651e-21
8.036284308704836514e-21
7.650647698528335001e-21
7.966318175297308883e-21
7.659011656020637889e-21
7.985801882622366334e-21
7.104891376137200589e-21
7.270119415126468107e-21
6.831204888580920124e-21
7.612881259339287886e-21
7.000202393594787347e-21
7.072001168455258144e-21
7.155769908982988743e-21
6.741701342287338453e-21
6.924888316828576306e-21
6.355625523881745091e-21
6.113921412541830371e-21
6.194183049641578159e-21
6.001573788702806000e-21
6.399927339172726682e-21
5.849550418340704619e-21
5.992880076016036138e-21
5.257237172246830459e-21
5.513127579847746626e-21
5.103822521045234750e-21
5.263493630648895040e-21
4.761060766252709591e-21
4.667847021027415828e-21
4.595310842893166404e-21
4.740804505430882302e-21
4.607015684585903009e-21
4.230805827371040550e-21
4.268732972460614428e-21
3.899230802732476945e-21
3.849329329281256455e-21
3.538493900906731182e-21
3.733711864245753636e-21
3.513827052137821076e-21
3.536870909308833721e-21
3.460555430008258376e-21
3.142175001575452423e-21
3.169308775080285784e-21
2.746556239171626770e-21
2.817304567464372375e-21
2.568748513195735107e-21
2.602396984656671559e-21
2.319377182943679676e-21
2.343580455585610429e-21
2.293159931972679653e-21
2.017467784918187803e-21
2.058856298789298755e-21
1.844885571818107872e-21
1.867468995560433139e-21
1.657401099166769031e-21
1.819217894824219752e-21
1.540341267667534108e-21
1.469744213833925787e-21
1.370092644521044365e-21
1.267628378710173129e-21
1.263835286999217634e-21
1.171712028546785633e-21
1.152486713718319170e-21
1.038216044504386922e-21
1.034360009307115827e-21
8.589287595309927872e-22
8.946469647100529182e-22
7.871673410823480357e-22
7.599801238248805185e-22
7.088908921147858924e-22
6.120655335505689883e-22
6.213458868196508123e-22
4.952006750512871984e-22
5.462116866383659992e-22
4.276131964970727160e-22
4.406664434334873371e-22
3.285199989076683950e-22
3.214730754493090125e-22
2.634437667709039211e-22
2.291335472917520946e-22
1.878028651800220230e-22
1.506497275267799196e-22
1.420244210745076102e-22
8.221301038602743387e-23
8.571094964327046478e-23
3.916716022213431315e-23
4.852892128181229879e-23
1.221691769868038089e-23
1.598873433161012690e-23
9.622888236046555359e-25
4.870846966673607849e-25
1.581351739615254141e-24
8.069598269333477801e-24
1.140506668101231674e-23
4.041011522336056220e-23
3.667951765067983386e-23
8.402298107703399744e-23
7.680952875180189211e-23
1.518985206442472714e-22
1.447540297394890168e-22
2.158428418203544550e-22
2.302902981043977539e-22
3.104581981500020016e-22
3.648094597260480336e-22
3.900044574010330417e-22
4.955827153477151490e-22
5.153946415383699393e-22
6.312653556229814076e-22
5.814880075837382645e-22
7.761357237657854745e-22
7.242600637574870328e-22
9.896697025540488948e-22
8.810456311840759864e-22
1.098130672176798612e-21
1.084697129601900617e-21
1.290918968509065077e-21
1.281756036290677388e-21
1.417484894650204352e-21
1.621592000487664984e-21
1.585868230272737450e-21
1.748399825179482640e-21
1.789930345730602642e-21
2.033939848551912893e-21
1.978453721950300008e-21
2.286650743406747565e-21
2.150763648714680790e-21
2.885834657336777707e-21
2.546818370414294002e-21
2.727510281522965055e-21
2.833499537941960993e-21
3.136150921751477903e-21
3.231828085519636033e-21
3.197308558703149915e-21
3.724001376549883911e-21
3.921001948547077759e-21
4.074699318505632909e-21
4.231608024375456894e-21
4.430259131219592081e-21
4.401587882296011833e-21
4.821451114692645703e-21
4.727998967439585534e-21
5.766329282365009637e-21
5.730849809587589990e-21
5.873499813789763559e-21
5.978288407363621270e-21
6.655625327464330178e-21
6.357609749302050469e-21
6.902958244555344701e-21
7.024761544014117127e-21
6.766537127019130833e-21
7.977432085582764852e-21
7.769183095753518845e-21
8.309820984846326238e-21
8.313161245418421829e-21
9.693560466667233054e-21
8.542942795541320658e-21
9.663065657339776676e-21
9.594364028373908408e-21
1.029602105253928063e-20
1.058431095556372654e-20
1.127208557735044778e-20
1.066890865448422507e-20
1.073126330393146971e-20
1.113024849422714821e-20
1.196992505641129069e-20
1.261531435127609656e-20
1.178302213781976123e-20
1.247014590322501186e-20
1.283063598178746766e-20
1.401129254583418105e-20
1.345918718357650475e-20
1.455010001380522500e-20
1.375434609996156410e-20
1.486511483023712228e-20
1.454593300709357261e-20
1.529137849643886736e-20
1.574242006583079573e-20
1.661654458477285562e-20
1.597185145757141255e-20
1.744295452992893978e-20
1.659416912519511693e-20
1.802474489688987601e-20
1.743323608112610078e-20
1.758346033256788794e-20
1.861630591310284433e-20
1.899122068287749344e-20
2.012542620933006871e-20
1.800521678150588421e-20
1.898735465893588853e-20
2.108804724996956823e-20
2.318236265129000957e-20
2.071510739173623213e-20
2.132248082357756417e-20
1.994875362542510296e-20
2.112942712146020463e-20
2.155162468387023379e-20
2.355319776622803164e-20
2.116774477310671533e-20
2.313207972252562094e-20
2.178084113699376913e-20
2.379003700314187435e-20
2.342914873470183064e-20
2.347638913091841218e-20
2.445256132946488272e-20
2.578828202337295199e-20
2.508619573391862152e-20
2.484091780827679101e-20
2.618303638190198901e-20
2.447359565327933550e-20
2.642856009358279253e-20
2.594204460135255684e-20
2.613767905113183900e-20
2.590349788829392308e-20
2.726482346504779964e-20
2.702249400687848102e-20
2.654558224765723140e-20
2.458854425951192919e-20
2.776016804175596337e-20
2.400499768372977451e-20
2.766306347747461517e-20
2.642739803201776517e-20
2.554230718103269384e-20
2.581139349663152072e-20
2.837556182355813468e-20
2.596927889961278222e-20
2.639548654715915432e-20
2.555457570088093721e-20
2.710087168140002020e-20
2.602872500647126424e-20
2.427019297821120619e-20
2.524335561091106985e-20
2.524323305573274635e-20
2.499246467827021787e-20
2.285211874340009012e-20
2.406701393659364114e-20
2.337833134091306936e-20
2.354482303491835701e-20
2.339846246033305326e-20
2.334261005981205418e-20
2.131374611795589391e-20
2.205989466760867500e-20
2.120258232992088057e-20
2.297844282956977557e-20
2.192294344810541679e-20
2.101829204762906378e-20
1.970338958368505981e-20
2.005361478162435140e-20
1.928619407035235076e-20
1.975667866377025961e-20
1.769616717915011525e-20
1.884502099231944020e-20
1.710184235547726068e-20
1.834715084548862671e-20
1.707784563932483222e-20
1.739409210131538722e-20
1.555721392831846868e-20
1.627828694864641802e-20
1.437850246387503536e-20
1.536061737823551001e-20
1.357223613703371364e-20
1.372760886294676776e-20
1.294977559092369070e-20
1.328279060316885277e-20
1.171192837724958954e-20
1.200240904849773392e-20
1.120597817117853425e-20
1.022273206141842908e-20
1.088346946729116705e-20
9.951068828066684019e-21
9.101425968786966672e-21
0.000000000000000000e+00
