5.332421989159760748e-17
8.296888899230301830e-23
9.215637616949027375e-19
7.149622240662096135e-23
1.185614309001366368e-19
4.643460496388723668e-22
2.832155882587831212e-20
2.244630380655669316e-22
6.262118402645840203e-21
1.082578261146381919e-21
5.912043155933086171e-22
2.587077954460997734e-22
9.404611648348260630e-22
4.598720290742880757e-22
9.605655359992642675e-22
1.090526741099949901e-21
5.732557907142982688e-22
1.448687966726475182e-21
8.171498568768724336e-22
6.743236988721565222e-22
5.315375660919001915e-22
6.519793532387443674e-22
7.854506866363931522e-22
3.875431147197033872e-22
9.713998855504164738e-22
3.739223962559198702e-22
6.964175695044206246e-22
5.687147490498438842e-22
9.102626842038414716e-22
1.077301483643263333e-21
1.126661600261763353e-21
6.767290563176248948e-22
1.407113449750361538e-21
5.694592883299696758e-22
9.904204358907030686e-22
8.285036734038201558e-22
1.247141451517429769e-21
7.148569165469898069e-22
7.890191174952858600e-22
7.575784497491708710e-22
7.089441649254253571e-22
9.128183929960611116e-22
9.492083518326401168e-22
8.354248583179258447e-22
6.137727224118009927e-22
1.086798847388990693e-21
1.523127228394921830e-21
1.542272912297811829e-21
7.374508317700852830e-22
9.998142819273409526e-22
1.141738669797193216e-21
7.315096331095309784e-22
1.406887060522087684e-21
9.321845240725059515e-22
1.228092001545042199e-21
8.276903134934902459e-22
1.289556438347995509e-21
1.394086105957032930e-21
1.818542518904201691e-21
1.251065517167632004e-21
9.897537236835928151e-22
1.110788259152683896e-21
2.885669619447261650e-21
1.755771660416635639e-21
1.926400553159277335e-21
2.306450416942067909e-21
1.240299131432212481e-21
1.114550596315634171e-21
1.697966237161466306e-21
1.560102542753322579e-21
1.485152913310583076e-21
8.612732669429545018e-22
1.454462783934823818e-21
1.135028267282110280e-21
2.589769199998231340e-21
1.438020176665534446e-21
1.630918424827922196e-21
1.888902045104064937e-21
1.684711420302414910e-21
1.584392421001549655e-21
1.531263728114391726e-21
1.253477395351297650e-21
2.314235615792191641e-21
2.289097774285051318e-21
1.779956741262132536e-21
1.491935819252120585e-21
2.369098799719541152e-21
3.385880915628073892e-21
2.506104687366289748e-21
1.932384798845155604e-21
2.637354139427601262e-21
2.299086123132024321e-21
2.103242466827973408e-21
4.095260279752745655e-21
2.502882351006560327e-21
2.497156071223876881e-21
2.722901412952124485e-21
3.389493689076824328e-21
2.444951633688079714e-21
3.554526301230941111e-21
2.783502142208567452e-21
3.071472681843333309e-21
3.141158045763127108e-21
3.141778713878907221e-21
3.250727545230390179e-21
2.150108562200031125e-21
2.550404712471604135e-21
4.370603291097800797e-21
2.207819821445263555e-21
3.018605021074201800e-21
3.451885040895912398e-21
4.336715929991187727e-21
3.757674393237730991e-21
2.954436524836491558e-21
3.493549825736632404e-21
3.174926958082499184e-21
3.990580280917759481e-21
3.721179860656209593e-21
3.868190724553055852e-21
4.163381533953070067e-21
3.874074671539196176e-21
4.229746575923402647e-21
3.956853907580089420e-21
4.229116021321371362e-21
4.052918004366420470e-21
2.570062885355981272e-21
3.371499119105806845e-21
2.930189326379419121e-21
4.043573326361859474e-21
4.448903389385850328e-21
4.239264703419156354e-21
3.451474980212008327e-21
4.247766584932151224e-21
3.349006498736393331e-21
3.678129679721529362e-21
4.227184482114070132e-21
5.754960141599360038e-21
5.652371555744682346e-21
5.196034859260685946e-21
4.130061937603474737e-21
4.515167768931640015e-21
3.738842929506381513e-21
5.800168727816407072e-21
4.156338737881151647e-21
6.084146441082816560e-21
5.028194055477121270e-21
6.678352701633881071e-21
5.468028544333758636e-21
7.294898382361103122e-21
6.870985902735446151e-21
5.403378976692948807e-21
6.496508263617173174e-21
5.843650418820119742e-21
6.223914886937119778e-21
6.388272472490072357e-21
5.322768502061564325e-21
6.733028285804897771e-21
6.980768209101527558e-21
7.120381500751435452e-21
6.855534536753317571e-21
6.257947935237344541e-21
6.342586681040166506e-21
7.726435653463851410e-21
7.436591246808473583e-21
6.618373279040699681e-21
7.429859556401558711e-21
7.216505271050106393e-21
9.449306384961656958e-21
6.406235155747606971e-21
7.901120426595658003e-21
9.503763449420600878e-21
8.663328642606805642e-21
8.769434981726772378e-21
7.150725109325495630e-21
8.434395326338275948e-21
7.074582180414143439e-21
8.387177702342658749e-21
6.969677908097386394e-21
8.643292254554884480e-21
7.131587266832742230e-21
8.114301715047575255e-21
8.383867437044224586e-21
8.816133955773877995e-21
1.167254789712884724e-20
9.465772333258279778e-21
7.631478367504390017e-21
8.986115058731825502e-21
1.072782263708348072e-20
1.050722731669030526e-20
1.112789825793509414e-20
1.069702735327714749e-20
1.011203319966487061e-20
1.051446015534738518e-20
9.646317086686864885e-21
1.155822709820105473e-20
1.120803145835668034e-20
1.134918757996909065e-20
1.229285102629931301e-20
9.712081074194551106e-21
1.368283682768396116e-20
1.501681235393430126e-20
1.650588338606613092e-20
1.318055894531282579e-20
1.214747495611151200e-20
1.274434521905397362e-20
1.387982041411720391e-20
1.221365832604901141e-20
1.221038707171799175e-20
1.385218794695559042e-20
1.358995777538424958e-20
1.131410873378816135e-20
1.533765899987720617e-20
1.158991757569512951e-20
1.269807370106229398e-20
1.240645932180659132e-20
1.089556579172317798e-20
1.175478765932386233e-20
1.503110734844285705e-20
1.384255405351476336e-20
1.466513793162500498e-20
1.730712935930373288e-20
1.635460712304278942e-20
1.295751460012066562e-20
1.592112629078544743e-20
1.675925174447129914e-20
1.831423776425468084e-20
1.538222785422244526e-20
2.307360033553898242e-20
1.522297308230513065e-20
2.204043712528172795e-20
1.757205558501326528e-20
1.607805081818441742e-20
2.251908611643906873e-20
1.783794508767009061e-20
1.628490519269688074e-20
1.929804031793180961e-20
2.287357008368437182e-20
2.292412219449634795e-20
1.640706687019252614e-20
1.846020661894260120e-20
1.742934966133981462e-20
2.457259961731660679e-20
2.614863205923285692e-20
2.369008384374049627e-20
2.383445787855572790e-20
3.343904363495782970e-20
2.423228702374481759e-20
3.000989072729206281e-20
2.383697778870053498e-20
2.958662462284952154e-20
3.135150359127427435e-20
2.945675347901928490e-20
3.016687356722348757e-20
3.013712516548984367e-20
3.480261977697639999e-20
3.348884326967433405e-20
3.046601223529071355e-20
3.078132424268590131e-20
3.097998831536486517e-20
3.200599006730527246e-20
3.765668761553807943e-20
3.282199481164538014e-20
2.989843199000146108e-20
3.197154775666193269e-20
3.586423761941607814e-20
3.227655295320223320e-20
4.339977400500915308e-20
4.092015719863626788e-20
4.151052742322352918e-20
3.741825177186055598e-20
4.501405470456083342e-20
4.516203785451901774e-20
4.501866978869578466e-20
4.302008614680654505e-20
4.056741125373402550e-20
4.340279438868783211e-20
4.394360890728348815e-20
4.636465901787245099e-20
4.155462659107501117e-20
4.354626886313404373e-20
3.987887361665549566e-20
4.684264890247834823e-20
5.024246985381392296e-20
5.431337834299194641e-20
5.243607184619617261e-20
5.760920180193596892e-20
5.837915331216407906e-20
5.779772305969554136e-20
6.824599056762541835e-20
7.129891999823819688e-20
5.789127385464048419e-20
4.991780331917471226e-20
6.903207375901063652e-20
5.919088376581405344e-20
7.669814877141250520e-20
7.843857473946778682e-20
7.110543857687911291e-20
7.365731430871140270e-20
7.868110555110295533e-20
7.419988962887394563e-20
7.275584268156446723e-20
9.263468866880553060e-20
7.913542254928354765e-20
7.451887559901197515e-20
9.186162208750170261e-20
9.340063361370920881e-20
8.435671457640524622e-20
9.521559187639815139e-20
9.720605099590661844e-20
9.526074810662004959e-20
1.038847398346952471e-19
1.043772195062312930e-19
1.264460296468163329e-19
1.285049166594189307e-19
1.085157108720427575e-19
1.346505180879415943e-19
1.178531843486220864e-19
1.561331260410529701e-19
1.246607833889169062e-19
9.394137792124739695e-20
1.347082349838684944e-19
1.080344086897377976e-19
1.436895955677963491e-19
1.339970185082937658e-19
1.252185771712884208e-19
1.334081503564262331e-19
1.303951796633232252e-19
1.540573870447017357e-19
1.583194489982391256e-19
1.458063995158459137e-19
1.705785754977171396e-19
1.574225974386893954e-19
1.475702721629966927e-19
1.786271843578714874e-19
1.558602318551088642e-19
1.647923761940228773e-19
1.697612980518633017e-19
1.796613897376292405e-19
1.833423737685386657e-19
2.077215920063085410e-19
2.098191542449441831e-19
2.172950272795679330e-19
1.925967352438481898e-19
2.238562249789570884e-19
2.196978236509693576e-19
2.353701565373177354e-19
2.260911330775664147e-19
1.990790177141860205e-19
2.527442697706855346e-19
2.271984490997885935e-19
2.288272721639562413e-19
2.407029589093264161e-19
2.495119865511316930e-19
2.982111569985354224e-19
2.613674685018289081e-19
2.860739187994580210e-19
2.630634250343407296e-19
3.235440549412726202e-19
2.987750346034252317e-19
3.508425459688054229e-19
3.263185083975071704e-19
3.078758278301656383e-19
3.131867558275251103e-19
3.529257505360290222e-19
3.719322540192454178e-19
2.939784539115249294e-19
3.633303461312140933e-19
3.728528833302273367e-19
3.442432902891173980e-19
3.749917342300958171e-19
3.825495502212852159e-19
3.774416007381521817e-19
3.786933490612264477e-19
3.564917290709211938e-19
4.341802071971962219e-19
4.078049876870549060e-19
4.485800047708684032e-19
4.088873718338590872e-19
4.266239507959925515e-19
4.420781672627502112e-19
4.609433915216105387e-19
4.802282151740984264e-19
3.868057442789668115e-19
3.698715657951949418e-19
3.691385311509523027e-19
4.137055660742532574e-19
4.341245149667888490e-19
4.541373052499885248e-19
3.925707925578031432e-19
4.033207149848278067e-19
4.134282863246690315e-19
3.741870324721164925e-19
4.013910415850098494e-19
3.804569856428873009e-19
4.751295495846076661e-19
3.635605624416734796e-19
4.668807454276409128e-19
3.941752304597664909e-19
3.891271825797675303e-19
4.070626175580747998e-19
3.680454383944828528e-19
3.667970257620649829e-19
3.685020571849443106e-19
3.868153984255740791e-19
3.711894677481066255e-19
3.337839587491353074e-19
3.735405164454089966e-19
3.607805743943646993e-19
3.306320432465834946e-19
3.585341190573857685e-19
3.220505349288688968e-19
3.570077594839565193e-19
3.325955146088860680e-19
3.498723016503064464e-19
3.188468519571114426e-19
3.329754103571138788e-19
2.961584541421512992e-19
3.183545881558165757e-19
3.205121953368216823e-19
3.326763402307291098e-19
3.176267897163148712e-19
3.331667066903377908e-19
2.694103919406427992e-19
3.164198463407498848e-19
2.992276682412266028e-19
3.462788724937856282e-19
2.586524237308062708e-19
2.603869380796014902e-19
2.565945624401237073e-19
3.081489865241922784e-19
2.585533000594822793e-19
2.163268048884479243e-19
2.394505682729335716e-19
2.160626474209013439e-19
2.051499756955485306e-19
2.282800455379800098e-19
2.154418570332505905e-19
2.017784150098779279e-19
1.985176106045650659e-19
2.298689602273152097e-19
1.768692251923357917e-19
1.686245966637156461e-19
1.542212471208810007e-19
1.486116291952832466e-19
1.601656620335382130e-19
1.594383757219892139e-19
1.643886629792656399e-19
1.466056530108610599e-19
1.404882910743522930e-19
1.368857405186659204e-19
1.341255312263973718e-19
1.339306162314579339e-19
1.089265363462042166e-19
1.092218865564438549e-19
1.102252069357242611e-19
1.018913770716289502e-19
1.030748540516611666e-19
9.003551764827938120e-20
8.607067225544366236e-20
9.068601630204216272e-20
8.312439941369194190e-20
7.733616751593995022e-20
8.118154408413523480e-20
7.846373526737561132e-20
7.639088665309396265e-20
7.374972534105504899e-20
7.580948536912894286e-20
6.146009920754784026e-20
6.489304044053149100e-20
5.887940169420326347e-20
5.927473229198595216e-20
5.741675337885319132e-20
5.571376456244482111e-20
5.250476004105760987e-20
5.409628136515241096e-20
5.035691903993718620e-20
4.228452986437473380e-20
6.020143673174370115e-20
4.558669620230139567e-20
4.854733803760133399e-20
5.254844393270857966e-20
4.007305637131831697e-20
4.353345361002205890e-20
4.403941415443207303e-20
4.409541895905141671e-20
4.139193444251302399e-20
4.380872514195626783e-20
4.881214148567675883e-20
4.123979871770756332e-20
4.815798400527483470e-20
4.304874316375466812e-20
5.473553929651390347e-20
5.008233843847274794e-20
4.501784008867179385e-20
5.117797872340536144e-20
5.217934504816979561e-20
4.514720659481235868e-20
4.825706655834245086e-20
4.905402841570684980e-20
5.388773755672242476e-20
6.568995900382330759e-20
9.278040564036952511e-20
8.749333660875539664e-20
7.087467710462841174e-20
6.976347040514217332e-20
1.168563713110075291e-19
8.884231436463314126e-20
1.356404922312618315e-19
1.256948141210018506e-19
1.455251967581697790e-19
1.743724530453315270e-19
1.228154153262219301e-19
1.854232790480468966e-19
2.038956841458632814e-19
1.450709702256860372e-19
2.047374775446192074e-19
2.357318037543597759e-19
2.464183920866729238e-19
2.712200397022282079e-19
2.041033731644857982e-19
2.840233000699781526e-19
2.612784358488286040e-19
2.321524587746460472e-19
3.488786895060954136e-19
3.516030157237153856e-19
3.262510652077199987e-19
2.359930767330303002e-19
2.399008559345132678e-19
2.902435786632897994e-19
2.927463287449267361e-19
3.120899105648672916e-19
5.049700892924356454e-19
3.411160870116585777e-19
4.394752810025712859e-19
4.726755572603983716e-19
5.211839502443609945e-19
3.875878466127844344e-19
3.493886588280232421e-19
3.944813129781039948e-19
4.594378356135636326e-19
5.373616638381794032e-19
6.681540106940671525e-19
5.500899613606178929e-19
4.302595921449287025e-19
5.816408016656896294e-19
6.300255759050206862e-19
7.476770700597969635e-19
6.041256776489095525e-19
5.297294385669711954e-19
6.323913330073873721e-19
6.582648560301667690e-19
7.399053953369512164e-19
9.844624742721523087e-19
7.080005590341977015e-19
7.816238705301582468e-19
6.552816302036849527e-19
9.071878293527490151e-19
6.705098964037629341e-19
8.728689028367359952e-19
8.999713084506141077e-19
1.224763562591400395e-18
9.927472201444581500e-19
1.011562252619155728e-18
9.534615738536597376e-19
1.132006269458184891e-18
1.218749311623728467e-18
1.026418159998400502e-18
1.264127171575704400e-18
1.249551430416059885e-18
1.247580331817803891e-18
1.171776655733499756e-18
1.536391936681293492e-18
1.475143759259990169e-18
1.168370058993819073e-18
1.492614105329045063e-18
1.443218688821216618e-18
1.339317291457076992e-18
1.775256157469608214e-18
1.773408654281327698e-18
2.143892068590090865e-18
1.682879525303633850e-18
1.591199074586973042e-18
1.838225530069265196e-18
2.048680160858599208e-18
1.785375288106747915e-18
1.858971101344625565e-18
2.050333934247343599e-18
2.479886845002481559e-18
2.151201517092808717e-18
2.154135500071458899e-18
2.032454213041956110e-18
2.489106954041545063e-18
2.284668039799892044e-18
2.047375879641694942e-18
2.019559665902458248e-18
2.656740792254978889e-18
2.775649256033481992e-18
2.722137451742519318e-18
2.506288379024556483e-18
2.541433312261552371e-18
2.716880264899428709e-18
2.851202120588901108e-18
2.990177448099008997e-18
3.199947140689940086e-18
3.082034145790782709e-18
3.146235102525240582e-18
3.045831488449707043e-18
3.489003948284571732e-18
3.502845963573231660e-18
3.343850715015545102e-18
3.014657278571734158e-18
4.123329219335992290e-18
3.500991948023993504e-18
3.225545217607015585e-18
4.307887600294944980e-18
3.839109383898659639e-18
3.828580288694072484e-18
4.180175600859822525e-18
4.002670710940866069e-18
4.432650149043996019e-18
4.499775349206006399e-18
4.312464940393557637e-18
5.510561350664212647e-18
3.864913181531448110e-18
5.305108598752955459e-18
4.479216847059173880e-18
5.403949238649373588e-18
4.880932683325999915e-18
5.179814407526834850e-18
5.753033507048463663e-18
5.194840702425011399e-18
5.155075392027739731e-18
7.114811670278752415e-18
5.612416560219174695e-18
6.035963508919118112e-18
5.959198047524573997e-18
5.959750382253551967e-18
6.306744426545907409e-18
5.920891537260385127e-18
6.116027629077916532e-18
6.921672323286254294e-18
7.641223525801688772e-18
6.675511070265209448e-18
7.333527570735670530e-18
6.712550802839822987e-18
6.888668544879746885e-18
8.115243972581333352e-18
6.702223680979167467e-18
7.700608778072264386e-18
8.356655724029701392e-18
7.390679450246686268e-18
7.562935190073389542e-18
7.885722571502794785e-18
7.708154542685098916e-18
8.145899440803230731e-18
7.064993836315331511e-18
7.705345664948006763e-18
7.325871872658572350e-18
9.025324214902580066e-18
8.199412028956908286e-18
8.788434417849719651e-18
9.790616929254182401e-18
9.331438717778008978e-18
8.321389641813342351e-18
9.043927156515571068e-18
8.864422020737716109e-18
9.104024166198888073e-18
9.207689131482653270e-18
9.696719044240311953e-18
9.886154295476985523e-18
8.682112258343569171e-18
9.234876030611198377e-18
9.721504607833948839e-18
9.759237224720467302e-18
1.129297576167710644e-17
9.461999221093068981e-18
1.015017747410266361e-17
1.095125571586109453e-17
9.825734781733294643e-18
1.190691678832893339e-17
8.785020824293250790e-18
1.157064584098148938e-17
1.140192765917565765e-17
1.046524202142459002e-17
1.146295720194777311e-17
9.987155207549600675e-18
8.915537771360604297e-18
8.941508489235000172e-18
1.175894252313026758e-17
1.009247608570632017e-17
1.024531605037569944e-17
1.048891196878215627e-17
1.061030626768041756e-17
9.501976194776638598e-18
1.161821608689496255e-17
1.140292323694259501e-17
1.058543131463292673e-17
9.928236264372878224e-18
1.065673518295797940e-17
1.111889577238121837e-17
8.602207795667944378e-18
1.178588659703365331e-17
8.908742976664023034e-18
1.018679833203334516e-17
1.111231422907390387e-17
1.121631149796752062e-17
1.085803369453026131e-17
9.439618078388312259e-18
1.075943485489213317e-17
1.078228130804490802e-17
1.016625050332919627e-17
8.732464982930711405e-18
9.999103548188785619e-18
1.037048347001073314e-17
1.160461238252885361e-17
9.577685224679684392e-18
1.098429852617551507e-17
1.067230379835764873e-17
9.441457486639839513e-18
1.242137946568128503e-17
1.060317242883824853e-17
9.987619629382230726e-18
1.126325611389593230e-17
1.096174831600284171e-17
1.154641014985678480e-17
1.032144896937573594e-17
1.129956649254331052e-17
1.057997880285428916e-17
1.090861334736834575e-17
8.907516385190119293e-18
8.956228926071682884e-18
8.797194917063928995e-18
9.630390349730071070e-18
8.916710179025959120e-18
9.741740740895638502e-18
8.705293764386610959e-18
9.598838714925690378e-18
8.342509717794275489e-18
7.799913787124554003e-18
9.481947085335913343e-18
8.954865929574678084e-18
8.649146850926104214e-18
7.737435105057643438e-18
9.005534330256763495e-18
7.340281465245261343e-18
7.633250176596194707e-18
7.451737235701490210e-18
7.928711985468906672e-18
7.835441720474534025e-18
7.446110570568144958e-18
8.198763400145428822e-18
6.982746641844504911e-18
6.760719476989244292e-18
6.560576273294905387e-18
7.348037133970176927e-18
5.902737377913184980e-18
7.216438730318449213e-18
6.460800591489638850e-18
6.088785612689041908e-18
6.004412372408555068e-18
6.624788553400941940e-18
5.717332278575398190e-18
5.881423245233589137e-18
5.693628864675289715e-18
6.636866467358372376e-18
5.330433659449822005e-18
6.235934616574099176e-18
5.370431132604226199e-18
6.585878023766761002e-18
5.499907760314333972e-18
6.292730382446580433e-18
5.967464162144846167e-18
5.397973667425572790e-18
5.608091658039788764e-18
5.870911320685113729e-18
5.361376881605136360e-18
5.712154414746089620e-18
5.354755773130231274e-18
6.169468465537645462e-18
4.691026947855006710e-18
6.223705884366624198e-18
4.793529629678457016e-18
5.273729140021838857e-18
4.742083508987953693e-18
5.674493126650205156e-18
4.358122620521043332e-18
4.218701548186576711e-18
4.474406176033544490e-18
4.629047791181921931e-18
3.672223525455471059e-18
3.612630461938560720e-18
4.201410839791366452e-18
3.720119029002981856e-18
3.857158123729549915e-18
3.293370948617860829e-18
3.164699986618493725e-18
3.386175113175208981e-18
3.769645146927087663e-18
3.435774977477551731e-18
3.273252944942349421e-18
3.001352125406946053e-18
2.606409716834439529e-18
2.852025584631530696e-18
2.904616726932999778e-18
3.208675144056543826e-18
2.884186629193990762e-18
2.803271276181426118e-18
2.868057914704580126e-18
2.523924510299227857e-18
2.714481533066487525e-18
2.576959100549855556e-18
2.015038879730946526e-18
2.437821322965445864e-18
2.237873798549764903e-18
2.088810553665194619e-18
2.093065626314068631e-18
1.952285192116445808e-18
2.328192728804859910e-18
1.932241334447825585e-18
1.981617445727453482e-18
1.856987209046828719e-18
1.776686377088573436e-18
1.852176976724743071e-18
1.699256161367736239e-18
1.619047619236742338e-18
1.550474742052005816e-18
1.549012850935916409e-18
1.491773031962844211e-18
1.447808897948173479e-18
1.534777311926293889e-18
1.485419251989726036e-18
1.390973532622187744e-18
1.231457336688494014e-18
1.412401558777558558e-18
1.095504926126848138e-18
1.290194974643304010e-18
1.063547217174632808e-18
1.086549112294884607e-18
1.120266583833556590e-18
9.269591268316921506e-19
9.400590729017729123e-19
8.966096546258579472e-19
8.597679372128341151e-19
7.778426087798676056e-19
7.550377376520205227e-19
7.383901373297974971e-19
7.515727775815311663e-19
6.515373651640164593e-19
5.897452341862783869e-19
6.204202433306593721e-19
5.529414317521368585e-19
6.029228170354279115e-19
5.268519521645025751e-19
6.229363759513255502e-19
4.654769783095313060e-19
5.075961300273646768e-19
4.775645633250620620e-19
4.505359132566273902e-19
3.975453522582955160e-19
3.752545305943482439e-19
3.707960082690467195e-19
3.979606263628660120e-19
3.181467601680944901e-19
3.375718800226536435e-19
3.061944231303088204e-19
3.375758103497152030e-19
3.158081454263284591e-19
2.972174845700789432e-19
3.148566623627215014e-19
3.066898744828490567e-19
3.154435570297206455e-19
2.847127595654581890e-19
2.718290954360824971e-19
2.967369935189542195e-19
3.329845916933643551e-19
3.271868759717671788e-19
2.920926171723374908e-19
3.444962273062918834e-19
3.342298322516476968e-19
3.517636622666551271e-19
3.824382503697882671e-19
3.864174205104340140e-19
4.052620935577433111e-19
4.865573152719179919e-19
4.817275119451457637e-19
4.910919176773661608e-19
5.401278490122990390e-19
5.180257600270044135e-19
6.019347573832906148e-19
6.067651792491426572e-19
6.451615074128040737e-19
6.746748886196605112e-19
7.906446431264923259e-19
7.957034900209734482e-19
7.628974355680518130e-19
8.658618970342767399e-19
9.607271970186011178e-19
9.445029760547708101e-19
1.095511400633263106e-18
1.052412017323427076e-18
1.176382916674916146e-18
1.103904849529467559e-18
1.418675487226118872e-18
1.416350075337010681e-18
1.574026369484138653e-18
1.578049980232871784e-18
1.756517822438723079e-18
1.668434358280343957e-18
1.743846244474646879e-18
1.924898049419180829e-18
2.133878736352951932e-18
2.021233496938457305e-18
2.167772270119292840e-18
2.155138340459413785e-18
2.528068383250723833e-18
2.719101557465132777e-18
2.700786685358621817e-18
2.862723700186875231e-18
3.117643619435068143e-18
3.234411651867849210e-18
3.308661234003140380e-18
3.182579942106900683e-18
3.670682678291721334e-18
3.468647320793850416e-18
4.195779233466372300e-18
4.039133032666624944e-18
4.051198463559271158e-18
4.160209735138034531e-18
3.848774826308244352e-18
4.157313095185382040e-18
4.769195036837038012e-18
5.046849791102381784e-18
5.040408367533944714e-18
4.860874902613255362e-18
5.747342062384360435e-18
5.489267756337268331e-18
5.743724849002191095e-18
5.626351293566018193e-18
6.681446561832571126e-18
7.169960293560699788e-18
6.177197555461067222e-18
6.993824521211637822e-18
7.699144733094100892e-18
7.463947911427365165e-18
6.371852659021714423e-18
7.532955952961284062e-18
7.198434938338180454e-18
7.820678516285497992e-18
7.152645678917391259e-18
7.716343809565131405e-18
8.242132244307274921e-18
8.268740637511643802e-18
8.512611155659389374e-18
8.897601615969339638e-18
9.137243362713169009e-18
9.985071942365584147e-18
8.979597202516378797e-18
1.010485289502795633e-17
9.382724034984304042e-18
1.064801033259037862e-17
9.403499023544112800e-18
1.084959645327975507e-17
1.090853117389136770e-17
9.958028065749021060e-18
9.196354868150469554e-18
1.138146501195920298e-17
1.047160609765273011e-17
1.196201633900605441e-17
1.147841437552710490e-17
1.182679890130271384e-17
1.156681615363101012e-17
1.042815759770246734e-17
1.122544828334180120e-17
1.199300621115478004e-17
1.198302513071197962e-17
1.264412984705454567e-17
1.101965145635364632e-17
1.217484431578747397e-17
1.061766535754247725e-17
1.034524319326451849e-17
1.031079146538038096e-17
1.164879285360517416e-17
1.272280863188489028e-17
1.167456731441356715e-17
1.270166751998407663e-17
1.233769864041427692e-17
1.343540672509334043e-17
1.297725934373398093e-17
1.121641272473936516e-17
1.168196608016837426e-17
1.178606840168905862e-17
1.206326480343354372e-17
1.143453694071732247e-17
1.209971789930278608e-17
1.150869457786924096e-17
1.142753593753482846e-17
1.125784470612069954e-17
1.064141832779092067e-17
1.022015286495488504e-17
1.072149626059612626e-17
1.100318046298180648e-17
1.017712683353265997e-17
1.110239539084888205e-17
9.598186849129292309e-18
1.010569922616789351e-17
9.690142212088510025e-18
9.922749923947920620e-18
9.741538583406815686e-18
9.590457390481246328e-18
8.741330712241628698e-18
9.835119910505346946e-18
9.560678321115905096e-18
9.103333328750649377e-18
8.222441977295556790e-18
7.909016983347326017e-18
7.668040247281322184e-18
8.200015818682203125e-18
6.925072022425035266e-18
5.854938070842139311e-18
6.412195879438133713e-18
6.105080746730955525e-18
4.935473631666945099e-18
4.524257544373735433e-18
4.511339562039167014e-18
4.278229162325882725e-18
