4.946770072565676929e-20
6.861564990814832128e-20
1.226089847418480493e-14
2.973135610846509787e-14
3.843395068270093545e-14
2.568996811861068180e-14
5.954231821396099237e-14
9.786902118140497379e-14
1.214650345229879052e-13
9.325440542996461238e-14
2.150561904317308368e-13
2.772572692888203322e-13
2.739049612307027209e-13
4.329308490792541126e-13
3.978723242088530180e-13
5.467552358401685605e-13
5.056903366864197352e-13
9.547850830833567703e-13
5.335566367083008900e-13
3.884103894460637918e-13
1.250772465804897284e-12
9.744250659644808991e-13
8.110341207712551897e-13
1.473162313564146732e-12
1.060953110015099778e-12
1.282671928761847513e-12
1.127606721513376573e-12
1.645593131117399120e-12
1.162698063916093400e-12
1.993908312374301836e-12
1.361055030922081470e-12
1.543863311207610003e-12
2.127571442685312141e-12
2.272750071497361077e-12
2.283456586665771081e-12
2.291582461552116069e-12
2.680489250599814989e-12
2.650045382888627387e-12
2.698201155081627191e-12
2.796845133959572631e-12
2.433343462177459125e-12
3.116761079743919541e-12
2.815555200163381728e-12
3.272804446644161065e-12
4.084549775897228300e-12
3.946267624216931124e-12
3.768328912319003892e-12
4.151030580610518368e-12
3.864891401419593497e-12
4.909041299987827152e-12
5.137790832186825197e-12
4.941551007906373901e-12
4.546711538876656538e-12
5.018765148517137850e-12
4.546183044203725794e-12
5.029938570238109689e-12
6.286410773328281828e-12
6.464210780350266020e-12
4.852047165327162058e-12
4.449669414699945026e-12
6.762026139617935180e-12
6.915016734681881166e-12
5.610348120110950956e-12
8.191316487694945497e-12
1.005937958470034871e-11
7.395291238021008668e-12
7.202001345496635864e-12
7.223025297239467553e-12
9.976673922328850415e-12
9.699128385137910605e-12
9.107294110517861603e-12
8.012324884115890949e-12
1.010479036110932038e-11
8.993878403371936263e-12
7.785300436719285094e-12
8.081531217156517223e-12
9.143368960421061922e-12
9.814162529213637947e-12
1.094509888142145524e-11
9.941985093336052572e-12
9.877722785317731173e-12
1.177098879751421465e-11
8.924172445675698203e-12
1.016518225882572774e-11
1.154756345782541828e-11
1.167795185900228960e-11
1.277898685812328364e-11
1.115660792345833493e-11
1.174770868464411439e-11
1.370477443011022580e-11
1.292905897670910505e-11
1.396277980541638339e-11
1.328038616118394386e-11
1.393302251685786068e-11
1.407413968889626822e-11
1.968035308831387707e-11
1.163102280627307145e-11
1.464604510737066775e-11
1.435244669958634468e-11
1.707172614880304885e-11
1.507601322077580464e-11
1.744117006965096642e-11
1.632802763676637410e-11
1.609957261841280468e-11
1.434298109818870000e-11
1.570262336136761873e-11
1.767495736208662026e-11
1.850300837734888578e-11
1.642360092503545259e-11
2.078196198881185228e-11
1.724403728559636958e-11
2.070165906500103988e-11
2.032856467351010094e-11
2.002593163831142400e-11
1.779367041058307142e-11
2.048267370562669146e-11
1.783501638527566368e-11
2.435039256134006203e-11
2.050291767456520220e-11
2.196673915082116990e-11
2.128693933423810957e-11
2.083677024591835241e-11
2.383765479014987698e-11
2.446243572541625448e-11
2.714111147796638165e-11
2.166698297044061473e-11
2.352318150159702848e-11
2.208290327810784299e-11
2.522688594934168403e-11
2.398843201248358902e-11
2.634095108228511877e-11
2.403836157887657575e-11
2.640816177677414272e-11
2.578768776465264533e-11
2.304820044420038200e-11
2.433146682904555388e-11
2.824099639495046067e-11
2.892338399552240407e-11
2.930536765901663039e-11
2.894516517415848831e-11
2.830191783246833243e-11
3.150662747469576755e-11
2.721330999443809258e-11
3.039742350106168181e-11
3.006594068377840519e-11
2.929980792170827004e-11
2.668456511552483963e-11
2.947698676281218610e-11
2.545711589634571733e-11
3.213588546581164112e-11
3.172233694685329647e-11
3.117802326762089577e-11
3.097172349514801745e-11
3.142963102899908649e-11
3.618798153123617636e-11
3.485469908019376405e-11
3.291685538128172520e-11
3.126994698099243071e-11
3.189671399050033876e-11
3.894837480064440350e-11
3.071731706120505859e-11
3.657266582533746335e-11
3.704936102342826571e-11
3.585107551241713914e-11
3.470229751525595562e-11
4.048637902816534883e-11
3.862617114762998037e-11
4.217141459834975263e-11
3.615456521999807152e-11
3.691850182315233428e-11
3.939801229633739993e-11
4.282110528106982507e-11
4.199562272395844662e-11
4.468992159128942261e-11
4.191573085816007701e-11
3.608702891365860230e-11
4.049145672248760099e-11
3.693447371488748312e-11
4.441638077917599129e-11
4.617090349145515510e-11
4.538562291912508248e-11
4.340497563942682374e-11
4.766175198656522662e-11
4.493789606330078711e-11
5.192326064605587380e-11
4.512590092562992543e-11
4.995948987587229905e-11
5.491932173618049433e-11
5.582624214640031662e-11
5.322952415157131190e-11
4.806720037522228421e-11
5.461476814422131673e-11
4.743800248690320437e-11
5.875919544027005387e-11
4.914156849019995360e-11
5.826746703706358611e-11
5.390279446405178086e-11
5.729540109370531369e-11
5.639972121826917019e-11
5.649201769843374818e-11
6.001521754646250093e-11
5.267848112276173384e-11
5.992860865449932280e-11
5.414726777662071066e-11
5.306172802961845349e-11
5.877377163759789249e-11
6.598039916227554827e-11
6.614697479721256689e-11
6.028934289401795716e-11
6.260986438442136186e-11
7.217584078822326767e-11
6.410834866181473741e-11
6.638602959070327689e-11
6.564552903720547072e-11
6.872141530425320350e-11
7.028299187142411544e-11
5.999018768209316134e-11
6.638077183929548068e-11
6.741470506160148273e-11
6.748440403431824231e-11
7.902493263387517834e-11
6.744179340322457933e-11
7.116672924402624580e-11
8.012811923550315938e-11
7.522555009333926539e-11
7.273059321603153294e-11
6.681341071341373626e-11
7.445480350825036018e-11
7.594577101429501384e-11
7.873622743100897617e-11
7.445330574340392842e-11
8.406099363620026392e-11
8.939158413321320900e-11
7.885268046075622276e-11
7.931186992577367373e-11
8.177448319207760878e-11
8.914513321719057620e-11
7.880975985666098733e-11
8.725023332979769340e-11
8.659954598534507354e-11
8.577383418639293209e-11
1.003202753996443443e-10
9.326547783916684538e-11
9.295224413303327611e-11
9.333707832860813942e-11
1.006144079999213795e-10
1.002650280132871886e-10
9.985760709997276422e-11
1.010439735100633408e-10
8.854807533550753335e-11
8.620413200397328865e-11
9.622052668685695499e-11
1.044157616559113565e-10
1.091720694469112561e-10
9.780582016174308436e-11
9.935550579741523203e-11
1.052188097355718496e-10
9.121073449501037709e-11
1.058129038040850413e-10
1.127233947482952740e-10
1.049716945002700417e-10
1.084217361883284293e-10
1.096600261841684431e-10
1.206501442164608852e-10
1.151452360920540101e-10
1.162076392452330916e-10
1.331393416088366668e-10
1.261718559015990088e-10
1.385301323768181835e-10
1.238851575150804438e-10
1.297775286565044668e-10
1.297336269471619327e-10
1.314253066883257032e-10
1.302039275906537436e-10
1.375561602565787285e-10
1.390843381746430655e-10
1.308263700281867873e-10
1.313636054922028175e-10
1.346259317592563032e-10
1.388463777728910298e-10
1.558841682053391192e-10
1.590376772858469924e-10
1.578561012169084729e-10
1.474620881796319286e-10
1.610155079556548426e-10
1.759876056684508164e-10
1.424041006694613959e-10
1.705572665775830394e-10
1.516570146328659780e-10
1.548929579757233695e-10
1.723738148785039510e-10
1.731780717086846581e-10
1.615987029232186889e-10
1.999972807891314815e-10
1.957396270547996416e-10
1.744726158867061419e-10
1.791581234898793264e-10
1.845516402864301202e-10
2.003521145111018244e-10
1.800696308788901392e-10
1.961620763842669416e-10
2.101371160425147571e-10
1.958104384736540113e-10
1.935367268325848888e-10
2.030648984540550429e-10
1.848760354739748572e-10
2.161999642076441949e-10
2.151502232996618491e-10
1.968523002258120681e-10
2.168411186385861310e-10
1.798412851322699618e-10
2.198314254550010038e-10
2.145310188260203505e-10
2.201505237959179241e-10
2.373346350281073029e-10
2.442608889801468198e-10
2.295885897348146126e-10
2.289198248945777877e-10
2.413849673817283194e-10
2.366957879157376886e-10
2.492198987450570607e-10
2.504085866358422233e-10
2.327056894957649644e-10
2.543910315843839941e-10
2.506705212847372374e-10
2.599615985712733212e-10
2.579336757237195401e-10
2.793434679370040444e-10
2.773890590576252442e-10
2.503817882300236162e-10
2.687988273074616571e-10
2.777524957491192644e-10
2.580146615983587174e-10
2.944160988162223427e-10
2.929010672949740217e-10
2.964380451141082619e-10
2.768664442660380726e-10
2.780986605451373334e-10
3.064562988172308346e-10
2.782734933022693016e-10
3.284650276014439631e-10
3.143566042700662159e-10
3.121002691042057905e-10
3.207792513465953104e-10
3.215598682010765696e-10
2.995491483301940230e-10
3.115484689192342799e-10
3.463407900668732293e-10
3.461997204274636735e-10
3.281703010495439846e-10
3.431594197191623935e-10
3.229379286896225102e-10
3.439964923762209928e-10
3.415449103611366589e-10
3.523214782682464701e-10
2.844723051252827403e-10
3.396067921976016484e-10
3.512315660549546981e-10
3.473235740514804166e-10
3.683785673031796649e-10
3.278696073081115566e-10
3.531194211614246193e-10
3.513374724768612864e-10
3.435766445425363568e-10
4.027928435853786385e-10
3.465233702341978660e-10
3.461052463472056660e-10
3.942297157280197150e-10
3.537469395303248425e-10
3.555914997037017041e-10
4.068882038821626421e-10
3.986401682170159254e-10
3.536819537451047504e-10
3.405338572550402647e-10
4.089481348435293100e-10
3.751743870473484785e-10
3.575872161888770753e-10
4.294938496013868012e-10
3.592019882486212774e-10
3.641962645631814821e-10
3.906333006228488465e-10
3.591818034170392692e-10
3.920109724807236556e-10
3.521949908391712668e-10
3.692504029420827760e-10
3.486101512073817682e-10
3.841935016501978937e-10
3.644824891548657883e-10
3.594112145348976283e-10
3.630381717584286477e-10
3.341165748059735937e-10
3.912763609290443740e-10
3.424462880235090612e-10
3.753075449593501141e-10
3.698604404996238609e-10
3.316977627202915482e-10
3.361532821281567386e-10
3.678396097519436441e-10
3.249977849476055753e-10
3.228098322674845686e-10
3.429365740082833416e-10
3.299795183138434658e-10
3.424634350628605290e-10
3.407831219478550164e-10
2.907029674040200870e-10
2.875522844748610268e-10
2.998005849839058147e-10
3.002295238445074834e-10
3.009589899650574213e-10
2.974476237934790211e-10
3.013141647646881683e-10
3.259401657712123567e-10
2.921056893959956311e-10
2.534313944121779868e-10
2.679688554453783641e-10
2.679201272883730166e-10
2.672082546524315099e-10
2.620979330107270533e-10
2.379611296966734294e-10
2.654400376152593228e-10
2.530107937867585444e-10
2.580886037337952160e-10
2.481770282583061000e-10
2.192129842942816282e-10
2.119234196640922802e-10
2.163719383143632377e-10
2.024016408937959071e-10
1.899146062731868692e-10
1.985671640192472877e-10
1.957206208541297883e-10
2.016294126641020864e-10
2.142711662163948053e-10
1.604226188271816976e-10
1.686945677889015317e-10
1.626863539524036249e-10
1.806489642245324266e-10
1.641915988593924042e-10
1.457279401137772170e-10
1.495728984840823144e-10
1.414941991495687769e-10
1.357405642480888660e-10
1.384475890168929103e-10
1.253642716125348279e-10
1.291638140656833245e-10
1.359826261578795003e-10
1.160314225238507345e-10
1.199202080180356410e-10
1.067018793966334361e-10
1.084099763024266955e-10
9.723821451372452104e-11
9.452073632173205304e-11
9.793245426911362165e-11
8.348711671707836544e-11
8.270030940252843294e-11
7.211996684909567582e-11
6.883311115392567395e-11
6.917419293679239161e-11
6.808448840449082040e-11
6.385154689311672227e-11
6.455084904707854994e-11
4.965289130598990201e-11
5.777249039703146948e-11
4.605495508733603232e-11
4.929050892404498197e-11
4.465483462935200775e-11
3.854963931438423839e-11
4.236441140307230715e-11
3.576813358879734255e-11
3.287918002798283396e-11
2.910264649626761021e-11
2.638760087456039315e-11
2.539721392585389357e-11
2.086158576409653628e-11
2.014549803142541077e-11
2.023830500319307546e-11
1.517318997019778183e-11
1.679340343113189339e-11
1.321095133416174535e-11
1.035669324909668750e-11
1.082137330975367015e-11
6.877812644974186780e-12
8.022848002659131564e-12
5.091687407442170023e-12
4.774185467844027492e-12
3.987045753170895531e-12
2.236087198944216652e-12
2.705986141819207635e-12
1.178036750063187066e-12
1.053139174517711114e-12
5.754846757230470959e-13
1.500559974909033463e-13
1.469739233628787534e-13
2.690638454768367716e-15
5.842195410149981105e-14
1.433789581557246154e-13
7.486836324265517065e-13
6.476146790561259525e-13
1.516370580774111707e-12
2.133077718615643463e-12
2.434919850532426235e-12
4.590899830914834595e-12
4.033880939479642235e-12
6.386290045767869207e-12
7.538329456249542525e-12
8.247299809391593088e-12
1.194187602162878596e-11
1.020777455288679171e-11
1.447355289786082886e-11
1.570533995323013683e-11
1.718126859847707442e-11
2.102614192959268024e-11
2.073791360543029380e-11
2.761500652549319624e-11
2.585421945979739310e-11
2.965518672794183908e-11
3.348183695368367366e-11
3.484825906064053095e-11
4.397207012476366195e-11
4.156668091606023995e-11
4.661300623493507303e-11
5.424183830721736053e-11
5.203155159661307433e-11
5.416666425290414447e-11
6.238942961177510749e-11
6.566886748901894476e-11
7.604077987561028659e-11
7.569115028846865718e-11
8.408196565841189464e-11
7.834281832938429821e-11
9.506400755744024480e-11
9.807499712552933621e-11
1.004098537801206964e-10
1.202728188769890865e-10
1.083196261095187756e-10
1.462540470592918950e-10
1.216187522618546915e-10
1.227258580579185911e-10
1.407305259969759519e-10
1.568116878258847539e-10
1.543085930409380121e-10
1.543466801643248425e-10
1.696946278743386443e-10
1.811856980518591141e-10
1.858991132132972298e-10
1.951887973377902638e-10
2.001411115463208397e-10
2.024763287428405356e-10
2.198512851856113491e-10
2.251945433164186261e-10
2.442051813579030141e-10
2.391153393139177064e-10
2.541790375454731151e-10
2.674084993402591973e-10
2.729163393535740224e-10
3.113911337335366311e-10
2.895060547402860911e-10
3.242436478531386791e-10
3.389823748520323129e-10
3.302458171836189280e-10
3.517583796198795965e-10
3.789624052817081592e-10
3.852560464675762762e-10
3.665108025259147583e-10
3.801582606294499237e-10
4.426923175290434828e-10
4.025355694793847253e-10
4.383827560442494619e-10
4.355616339245169702e-10
4.728482916510443431e-10
5.205012619721516502e-10
4.946413169390608950e-10
5.095592041771038946e-10
5.357738903628847147e-10
5.370099939118385978e-10
5.659651968947789534e-10
6.116801958624555656e-10
5.846402276378169647e-10
6.078807951110043284e-10
6.726039059538644169e-10
6.268864120914124690e-10
6.559717675949201386e-10
6.763597439990521401e-10
6.723548273429025899e-10
6.936446947653462546e-10
7.624672687757032029e-10
7.114576166849267550e-10
8.596179382386427558e-10
8.154155103669996875e-10
8.010746446483000892e-10
8.860884550465897396e-10
8.800366229329517006e-10
9.167825703673727109e-10
8.905871437107569409e-10
9.635451844589922423e-10
9.176390018349636411e-10
9.773058913371807858e-10
1.059256395702425945e-09
1.116187885345410396e-09
1.073920907730929915e-09
1.031576746029320337e-09
1.129113563642750575e-09
1.182419885565018065e-09
1.163591233357216544e-09
1.202988353911407993e-09
1.267884671886375346e-09
1.333970169049859846e-09
1.162039425881846988e-09
1.380772060375740646e-09
1.312557774675010434e-09
1.472005475541084659e-09
1.393608025003350805e-09
1.459417618623291520e-09
1.480704174417020632e-09
1.431654034533135744e-09
1.626829807870007066e-09
1.549822332324599173e-09
1.719598706706043736e-09
1.535019742667095840e-09
1.640972148109754609e-09
1.637620072279334930e-09
1.798069444560262395e-09
1.701116094005017622e-09
1.866277865358059803e-09
1.753860887303919373e-09
1.774099233753086344e-09
1.735226115767746420e-09
1.759101754204762328e-09
1.871016553023564914e-09
1.989389345558228803e-09
2.065054948945444750e-09
2.046807197508556215e-09
2.006456389495067410e-09
2.118576709152190293e-09
2.074893006186383487e-09
2.075141299702178100e-09
2.241672354022300248e-09
2.203190746427787386e-09
2.271340231667685995e-09
2.303668018342255231e-09
2.378942039232462466e-09
2.212443260788920519e-09
2.343926175091978153e-09
2.527102432989016688e-09
2.644672755460945257e-09
2.505685907906171816e-09
2.709861120595077882e-09
2.490872299381261055e-09
2.731498821312878366e-09
2.626681996910747683e-09
2.694043591250410469e-09
2.634050207218972792e-09
2.617518436649337376e-09
2.647187082128621151e-09
2.780727674161449640e-09
2.783879968106627188e-09
2.658533423750009922e-09
2.940859500698452245e-09
2.777276226118548557e-09
3.036070050076417278e-09
2.966722671681068376e-09
2.988461463185922243e-09
2.934728383856117573e-09
3.075697180951295639e-09
3.108337880076001052e-09
3.303711868816104589e-09
3.203770888031711351e-09
3.251656524383268659e-09
3.283403158070329563e-09
3.143602978015333789e-09
3.337607125772331434e-09
3.093666814309547490e-09
3.110713913743006075e-09
3.358357939389340010e-09
3.163155053460062317e-09
3.358484237839453907e-09
3.522352295283650498e-09
3.502323762735590674e-09
3.309720499897875637e-09
3.457094165125257008e-09
3.438666994794934926e-09
3.564382101330032286e-09
3.339020318320021088e-09
3.629877737548163608e-09
3.499189405389029584e-09
3.436376747204683612e-09
3.458797708222407498e-09
3.393672061290147400e-09
3.218659461195877141e-09
3.438945577586216825e-09
3.701387139309891335e-09
3.483310240600656657e-09
3.258082314676521981e-09
3.272723880996393396e-09
3.682983931932905989e-09
3.406912675351437402e-09
3.539983162491748859e-09
3.577370288204350818e-09
3.420049924235637933e-09
3.201919522398327855e-09
3.666471839471967584e-09
3.543547462681975235e-09
3.462745385047944916e-09
3.457235847729720780e-09
3.348892731500053953e-09
3.444487529738943786e-09
3.601562750826134402e-09
3.287156031782170913e-09
3.421178853041249477e-09
3.565601156055107798e-09
3.413439422200096171e-09
3.508730974741657062e-09
3.112184688112644233e-09
3.567326217471041315e-09
3.307606752405890085e-09
3.423910102038332726e-09
3.067140160106482245e-09
3.394882250636848897e-09
3.492243549248792022e-09
3.375723942300860545e-09
3.260575704061353202e-09
3.286321412504206333e-09
3.153809094710412433e-09
3.334698829172186628e-09
3.265103884878028975e-09
3.270208209148613714e-09
3.074326462493480143e-09
3.173174597518568934e-09
3.287646097546784459e-09
3.316551042536420483e-09
2.873931175660142844e-09
3.258318072428050817e-09
3.186750348251538388e-09
3.086206181390259597e-09
3.135762583199498886e-09
2.824175096396264568e-09
3.067277434783607100e-09
2.893459740468378339e-09
2.831311255298175578e-09
2.939959339413819912e-09
2.816027435721876068e-09
3.011106204463072832e-09
2.654824000265678597e-09
2.921906155665941428e-09
2.637997370851848233e-09
2.754618129298777374e-09
2.809762730945220926e-09
2.673056994809652324e-09
2.867420057132292066e-09
2.720239966293369945e-09
2.514391464964954685e-09
2.594883994365900454e-09
2.590201044716941701e-09
2.545536693219120406e-09
2.523476488255248959e-09
2.476227975198753732e-09
2.496470913874326099e-09
2.409267836402728609e-09
2.313745757047458141e-09
2.401036383360793694e-09
2.337990566195474966e-09
2.432276298523362521e-09
2.186427709821558324e-09
2.231258079247655383e-09
2.106516066478173438e-09
2.357666936326210282e-09
2.169588919463901658e-09
2.208330923246727670e-09
2.225235468315106239e-09
2.122871140861448061e-09
2.173373179776265028e-09
2.019719128459011097e-09
1.937999551127652304e-09
1.979116841551625054e-09
1.926485303066728057e-09
2.066031753197219629e-09
1.909250949622765203e-09
1.952139734132614274e-09
1.744083016792853933e-09
1.823217590405442426e-09
1.724210476841004326e-09
1.776901897501173108e-09
1.631485583714535062e-09
1.611194273988850711e-09
1.603096372783866567e-09
1.686813179655347536e-09
1.641303899630730766e-09
1.548134012780773375e-09
1.558424497364499035e-09
1.468941908480804559e-09
1.453506407652849795e-09
1.369728668855354969e-09
1.457997152451066696e-09
1.397682885298559060e-09
1.442284900065860139e-09
1.421332619955506554e-09
1.336965873571103926e-09
1.346115308659073943e-09
1.216727083027180998e-09
1.247508182592533269e-09
1.187072083082942755e-09
1.243975596744308433e-09
1.140926979338725243e-09
1.165817538399004140e-09
1.160421313045794050e-09
1.067081897175471016e-09
1.085025613239400591e-09
1.027758897506164228e-09
1.029510980603762145e-09
9.712188874802611332e-10
1.062323029989130601e-09
9.424671491281397175e-10
9.096639807352945849e-10
8.762449919996845884e-10
8.413871347080879450e-10
8.455854568703948398e-10
8.303641368412927004e-10
8.022358028650995091e-10
7.857017769930644233e-10
7.644102774395259582e-10
6.965682481799215817e-10
7.087621284314402735e-10
6.747696280408779783e-10
6.614834699611641025e-10
6.456926683035960523e-10
5.996893620004237806e-10
6.047889468266676946e-10
5.488951242475174507e-10
5.814254813968068095e-10
5.454964606436371722e-10
5.385921648894963482e-10
4.806851607376067434e-10
4.705468876764384869e-10
4.547480619117462773e-10
4.302936680360567437e-10
4.014026245614922620e-10
3.872122008262792215e-10
3.904924075878550442e-10
3.235394393925949057e-10
3.413013649702874459e-10
3.002941487945293070e-10
3.254873230311318384e-10
2.717600264304085967e-10
2.748454483626623942e-10
2.497142045870527495e-10
2.558503628156702807e-10
2.334226587614305360e-10
2.104918562029606025e-10
2.024761135509743886e-10
1.742852954359241873e-10
1.828232287562238164e-10
1.385959974494856549e-10
1.498019218778823958e-10
1.302767372219421856e-10
1.275677451778842495e-10
1.033635230235511539e-10
1.045018963957364627e-10
8.780903457086602365e-11
9.108579124211965476e-11
6.802460632985888192e-11
6.641154123685605754e-11
5.903543956076199102e-11
4.407624982937695556e-11
4.515824720997936395e-11
2.796712587073869895e-11
3.438071655260679848e-11
1.923011377576073767e-11
2.184218165044064804e-11
1.221740929170890673e-11
1.142077561647519498e-11
7.555491950515312180e-12
4.463105222539309761e-12
3.125093904960029605e-12
1.066336281639825577e-12
5.657442727565326118e-13
1.535454649048057647e-14
4.661823818185868835e-14
1.875163611672628268e-12
1.222566144104987211e-12
6.805741033775229361e-12
4.225674129999911858e-12
1.540810251960048565e-11
1.122590939221503029e-11
2.010320644674623487e-11
2.229030375720712511e-11
2.908750982249536114e-11
3.725973285323549277e-11
3.749136064883017262e-11
5.505744918039005766e-11
5.779489473268146637e-11
7.216456107939872985e-11
7.485265862919015232e-11
9.251508760957933510e-11
8.898220031734325641e-11
1.170573345126616053e-10
1.072113438434891540e-10
1.565594420380428388e-10
1.472096607678523100e-10
1.711300106722554488e-10
1.753791727454556654e-10
2.042908591880176471e-10
2.095030534790690690e-10
2.262752692226633163e-10
2.496888926897142061e-10
2.383637649132229249e-10
3.004858303411775690e-10
2.922161266971105968e-10
3.317849725082646603e-10
3.273825484518568272e-10
4.123482655561842528e-10
3.507850351972196015e-10
4.339351644717683774e-10
4.140905529741739391e-10
4.775166392118090061e-10
4.854989280152313213e-10
5.350806585864756367e-10
5.186596688977173386e-10
5.247929812626402746e-10
5.630971872141435260e-10
6.080118269588501464e-10
6.595226145655501421e-10
6.224608754458773461e-10
6.770060101304675086e-10
6.956222667263836147e-10
7.931161499144491142e-10
7.452726998162041740e-10
8.563005846968242957e-10
7.848674708366648584e-10
8.947605126101289426e-10
8.609809042736953634e-10
9.350306322720361589e-10
9.675213893757143563e-10
1.039108222416994736e-09
1.007087724697040533e-09
1.119538064990703531e-09
1.065644928078549489e-09
1.184562300734066753e-09
1.149107890757801547e-09
1.171035050266556879e-09
1.262812062727593308e-09
1.273783540410284656e-09
1.399040370416579275e-09
1.227152890812013323e-09
1.340514364244880531e-09
1.469984859272950700e-09
1.650350202019039571e-09
1.468862333677308414e-09
1.539341960288064227e-09
1.428920221151497256e-09
1.554301563893142324e-09
1.555004754558064585e-09
1.754816997411854662e-09
1.549668110334306226e-09
1.731638374099873150e-09
1.628908810957961162e-09
1.786284354679252881e-09
1.777379844463156009e-09
1.776819492296884390e-09
1.866785330607389214e-09
1.980259908906550110e-09
1.929787715086179055e-09
1.923325797520508041e-09
2.038496278744488635e-09
1.893807511911144940e-09
2.091559674377783227e-09
2.015020803129349764e-09
2.089672494715711187e-09
2.033634136947936777e-09
2.183617349202889818e-09
2.148564071105506630e-09
2.134229095362513333e-09
1.969807847120772452e-09
2.259103381747432638e-09
1.923263403637744378e-09
2.275391236892083584e-09
2.130696073479823687e-09
2.112689739745852635e-09
2.111870167248687475e-09
2.344451736015078080e-09
2.149629437837025410e-09
2.186633156950546911e-09
2.125247075853911963e-09
2.272662306760837277e-09
2.168979986185537511e-09
2.051132061626418861e-09
2.119245080867832094e-09
2.131480838482206898e-09
2.127477834277522411e-09
1.926516636553273638e-09
2.067979041164989585e-09
1.979954518589607679e-09
2.019104434764345129e-09
2.000697272694821225e-09
2.005312045798094757e-09
1.832811098187034483e-09
1.912464794465341667e-09
1.814462306757150192e-09
2.014575585311156359e-09
1.875443820286761956e-09
1.847864672575661949e-09
1.701918273451759141e-09
1.755057222427117654e-09
1.677693695716659608e-09
1.729823816091602197e-09
1.538081483287603602e-09
1.669346604431303923e-09
1.480718804264730716e-09
1.636369699332496382e-09
1.485526714473483498e-09
1.546872950226552739e-09
1.369458626427954778e-09
1.443145921375105823e-09
1.273339516077240496e-09
1.367527584750851160e-09
1.193820127573246138e-09
1.236285359334457394e-09
1.135237761161527895e-09
1.197295061632879250e-09
1.038378477032258911e-09
1.071047834862271854e-09
1.001884147723436762e-09
9.088405676171313924e-10
9.696884362571010626e-10
8.939450386506492494e-10
8.035871952895190340e-10
1.670248854354437495e-13
2.122663128286055057e-13
1.774385149079299816e-13
2.249284826272050193e-13
1.876634424373422431e-13
2.373004432667020691e-13
1.975499193922224469e-13
2.491976003104726467e-13
2.069365312882205675e-13
2.604213200917676511e-13
2.156529952806877084e-13
2.707623164064788062e-13
2.235237344999280021e-13
2.800052978905446394e-13
2.303724729680673999e-13
2.879345308151560961e-13
2.360275919328409358e-13
2.943401961316049968e-13
2.403279228789200478e-13
2.990258265843867660e-13
2.431290971487853512e-13
3.018166131410572843e-13
2.443104111344448992e-13
3.025679161153897656e-13
2.437815916592510785e-13
3.011737641243442413e-13
2.414890251823228012e-13
2.975752646234630769e-13
2.374214613108982317e-13
2.917681676695915339e-13
2.316147980249201454e-13
2.838087195101257664e-13
2.241551208365813063e-13
2.738175458576010025e-13
2.151796919794390565e-13
2.619811849121948264e-13
2.048759493562686411e-13
2.485503670611931415e-13
1.934780392642735079e-13
2.338345685067218967e-13
1.812603645213076470e-13
2.181930299864627929e-13
1.685284773721611795e-13
2.020222107543058693e-13
1.556078019163079515e-13
1.857395969077475915e-13
1.428301525338605762e-13
1.697646485997885378e-13
1.305184575703169016e-13
1.544981475323730279e-13
1.189709804743274182e-13
1.403009364669543873e-13
1.084460571954341593e-13
1.274733337101081618e-13
9.914790336477861436e-14
1.162371886203969895e-13
9.121471883779293073e-14
1.067223497733726991e-13
8.471069115167160546e-14
9.895876062153315534e-14
7.962257787008452543e-14
9.287542081822755442e-14
7.586107950919569732e-14
8.830720372611005883e-14
7.326769792661177548e-14
8.500945933979970031e-14
7.162729027308765555e-14
8.267950012682192015e-14
7.068517757685840264e-14
8.098364665851047504e-14
7.016743537371540093e-14
7.958764226183545532e-14
6.980329727647164861e-14
7.818736369334745140e-14
6.934775344456869404e-14
7.653667858227338011e-14
6.860163495704492856e-14
7.446944734816857153e-14
6.742717326289126089e-14
7.191275666120907653e-14
6.575770878588312385e-14
6.888935643635671802e-14
6.360001713611704531e-14
6.550877105965105242e-14
6.102833024475566115e-14
6.194773161995770939e-14
5.817079683185465921e-14
5.842184261372646518e-14
5.519001592608127799e-14
5.515212786709433567e-14
5.225950487452289809e-14
5.233112442587535303e-14
4.953892024877166143e-14
5.009312346242244702e-14
4.715169712476329707e-14
4.849298940256241748e-14
4.516825136316982379e-14
4.749737404798296845e-14
4.359698315311622826e-14
4.699006899581317808e-14
4.238475772848616181e-14
4.679072926095247686e-14
4.142728756859162529e-14
4.668442361547480192e-14
4.058786967921328385e-14
4.645761739556289548e-14
3.972155623043515382e-14
4.593426167536805090e-14
3.870111132977848354e-14
4.500538053557079603e-14
3.744041274604802065e-14
4.364695539104249191e-14
3.591094071247736836e-14
4.192256587803426424e-14
3.414821436596061839e-14
3.996954075659404542e-14
3.224676503763992706e-14
3.797096330888468934e-14
3.034405232095836116e-14
3.611907682175365098e-14
2.859585404117106823e-14
3.457709576201536459e-14
2.714756151584649610e-14
3.344693615153886235e-14
2.610670088497491918e-14
3.274989320482856670e-14
2.552193492769459981e-14
3.242463516697251508e-14
2.537285848089129899e-14
3.234280365034524599e-14
2.557285184887672307e-14
3.233881517186710878e-14
2.598457415195438569e-14
3.224739533669993629e-14
2.644520508064582360e-14
3.194015792818268762e-14
2.679652146113520709e-14
3.135255073231318008e-14
2.691364615835564362e-14
3.049497335760117376e-14
2.672657648255119309e-14
2.944562078525541627e-14
2.623033641883707862e-14
2.832699995080315172e-14
2.548197445335331693e-14
2.727243136118996300e-14
2.458532788554044256e-14
2.639146055837321163e-14
2.366727807807738764e-14
2.574311005427803955e-14
2.285108238298974429e-14
2.532383754220809718e-14
2.223252502225816492e-14
2.507311563854162797e-14
2.186355692940337147e-14
2.489428654650550860e-14
2.174631136627818136e-14
2.468396787820510540e-14
2.183785074647809136e-14
2.436136484378515679e-14
2.206331956256255295e-14
2.388911607758456576e-14
2.233357773516522054e-14
2.327981458273601089e-14
2.256316696943929022e-14
2.258722509068867331e-14
2.268499273543341492e-14
2.188639932719501744e-14
2.265921567959756479e-14
2.124986764571762552e-14
2.247562024997654609e-14
2.072763796012009586e-14
2.215039820339756702e-14
2.033723234579906927e-14
2.171896732366952620e-14
2.006608083796854305e-14
2.122644770499054593e-14
1.988353910387526955e-14
2.071744880268743537e-14
1.975648140896764934e-14
2.022674815205631061e-14
1.966199345421192480e-14
1.977206775717450282e-14
1.959240067770450795e-14
1.935002839741780156e-14
1.955129216424505640e-14
1.893661762392007947e-14
1.954351754671926057e-14
1.849320961309488738e-14
1.956498133892655912e-14
1.797784108470559955e-14
1.959773020345138776e-14
1.735978079913918837e-14
1.961297203331250041e-14
1.663401589271722390e-14
1.958081390313131281e-14
1.583121941534074000e-14
1.948201845694782978e-14
1.501878477919824259e-14
1.931562170491306297e-14
1.429055479848373300e-14
1.909803151774736011e-14
1.374647146337367335e-14
1.885349187995315336e-14
1.346692701878716525e-14
1.860029640901942024e-14
1.348891569618697837e-14
1.833967854149084783e-14
1.379148764358370755e-14
1.805359802883149515e-14
1.429583271385009927e-14
1.771366569854282298e-14
1.488079728548199365e-14
1.729785094261539089e-14
1.540958011246929773e-14
1.680720487747528040e-14
1.575995764940092664e-14
1.627399746697742367e-14
1.584972924252861615e-14
1.575604205827154261e-14
1.565108513302076314e-14
1.531820824833019643e-14
1.519153017062825842e-14
1.500840915037642373e-14
1.454331443717284562e-14
1.483852304907154129e-14
1.380610005039106205e-14
1.477891676945209088e-14
1.308780344315653892e-14
1.476926756529439492e-14
1.248687774679665940e-14
1.474113786640511110e-14
1.207739667830767168e-14
1.464253689148252568e-14
1.189742618127100286e-14
1.445395560572272073e-14
1.194159116681697922e-14
1.418967930745971010e-14
1.215991874232537027e-14
1.388534751186489357e-14
1.246571768356846336e-14
1.357880064481307582e-14
1.275384868831595611e-14
1.329343008709684231e-14
1.292677683607143913e-14
1.303113866626459927e-14
1.292114279715070960e-14
1.277687635019887117e-14
1.272529865345934180e-14
1.251106103655727061e-14
1.238015259581217504e-14
1.222309096551795208e-14
1.196151469647592535e-14
1.191991605990023646e-14
1.155004527885309097e-14
1.162683661135766436e-14
1.120133986824208099e-14
1.138110604017582525e-14
1.092954649106096912e-14
1.122119408896928822e-14
1.071179285243185774e-14
1.117522668563812197e-14
1.051062434007575786e-14
1.125148127927693417e-14
1.030277958056333408e-14
1.143294990436818843e-14
1.009913611131715175e-14
1.167756214971183777e-14
9.944525151688685334e-15
1.192519057164551564e-14
9.896210245243558326e-15
1.211113120329122849e-14
9.991203447492362341e-15
1.218321897982694382e-14
1.021887609976934182e-14
1.211725254881377306e-14
1.051320549836517839e-14
1.192481248159864965e-14
1.077001939587540677e-14
1.164981450816856933e-14
1.088315932011428154e-14
1.135440318058800221e-14
1.078457547659349887e-14
1.109915032916928810e-14
1.047114549238004599e-14
1.092492014895913276e-14
1.000676425055207025e-14
1.084274415932372453e-14
9.499018272904883053e-15
1.083412821037174076e-14
9.060192369039432252e-15
1.086001531502879201e-14
8.768254636613594071e-15
1.087437136901912462e-14
8.643094814199499171e-15
1.083801494058786888e-14
8.646826100282188210e-15
1.072892173191477889e-14
8.706689250313603388e-15
1.054645175803881261e-14
8.749489561376197222e-15
1.030864073597077230e-14
8.732006775406855264e-15
1.004368257828280942e-14
8.654284669874220696e-15
9.779055666993717337e-15
8.550970709766802519e-15
9.533675255177864470e-15
8.466500819272680962e-15
9.317728875223813498e-15
8.427891416175314701e-15
9.140094271131748571e-15
8.429736953830650323e-15
9.016920189619702544e-15
8.438951043230813959e-15
8.972180750260594329e-15
8.415711056523173895e-15
9.025147469943162567e-15
8.338163820126359631e-15
9.169377888636564659e-15
8.216680397486485590e-15
9.357050216701512254e-15
8.089690332305651744e-15
9.503759999843432049e-15
8.003579661371059032e-15
9.518683276595704378e-15
7.987771776364550002e-15
9.348248051701477475e-15
8.038358907167771748e-15
9.009473816168506671e-15
8.118684641597851540e-15
8.591358560484289108e-15
8.176181923845527224e-15
8.219361831978420527e-15
8.166729857572815516e-15
7.999455675682142239e-15
8.074744225745161922e-15
7.970717336250312155e-15
7.919701078670076252e-15
8.090783502606951256e-15
7.745998171476127155e-15
8.260017917430950653e-15
7.600633831489074268e-15
8.369938015953205131e-15
7.509296466612006307e-15
8.350840856129673736e-15
7.462990115819387639e-15
8.196969949225493566e-15
7.422808489490898250e-15
7.961077652647344633e-15
7.341499181052786971e-15
7.725183584769027028e-15
7.191025097360333081e-15
7.563201889131114646e-15
6.980549870320760532e-15
7.511948536556311717e-15
6.753288405892844628e-15
7.561874902794596411e-15
6.562864817015815155e-15
7.669746978768946457e-15
6.443079152583199110e-15
7.784823500402942571e-15
6.390000498840083388e-15
7.873012078622668711e-15
6.367878302790835224e-15
7.925277262134626619e-15
6.334817458389212613e-15
7.947269360188297525e-15
6.270771769462476894e-15
7.940291180660394983e-15
6.188837074779914448e-15
7.890240545523513437e-15
6.122863961483786165e-15
7.775292438602409576e-15
6.101530788516231744e-15
7.587784450709740126e-15
6.128386587185109207e-15
7.352692442908594375e-15
6.181975471177750745e-15
7.125749738546615607e-15
6.234315389417512941e-15
6.969164230215227144e-15
6.272075347807717676e-15
6.920006083649390576e-15
6.303579890983514491e-15
6.971691705687368408e-15
6.346844801263507791e-15
7.079152682372954519e-15
6.409167301854670035e-15
7.182421860522819267e-15
6.475169642827623722e-15
7.233615651336743918e-15
6.513064045134377952e-15
7.213593230384509686e-15
6.494482941374926218e-15
7.133175348601048001e-15
6.413171118535253164e-15
7.022321124798118545e-15
6.289660421598094590e-15
6.914169039859778663e-15
6.160061226587153363e-15
6.830239635150391990e-15
6.057743834290183549e-15
6.772189039617583385e-15
5.999438247823400075e-15
6.724466677087894720e-15
5.982072324337090373e-15
6.667506528315189513e-15
5.988977336580686576e-15
6.593257810056473539e-15
5.999634974513018730e-15
6.511386409650558424e-15
5.997719253225228722e-15
6.440916816534412881e-15
5.975228041674851320e-15
6.394061931151247885e-15
5.932609864941531208e-15
6.365905082584998022e-15
5.875530062246221704e-15
6.338925271339271152e-15
5.809973015790416804e-15
6.298648225320918308e-15
5.738792032150839458e-15
6.246912142983612346e-15
5.662476575937523605e-15
6.201321153796079286e-15
5.583839572423776423e-15
6.181666971368633318e-15
5.512581355010841202e-15
6.195079340835789254e-15
5.464612098653788237e-15
6.231632669816117474e-15
5.454420970957538904e-15
6.272281444985916435e-15
5.484866778672231242e-15
6.301161210086809211e-15
5.542405251663804022e-15
6.312581199121052261e-15
5.602711585692969725e-15
6.309058969231835056e-15
5.643545224109432087e-15
6.294152883803288741e-15
5.655572427460508511e-15
6.267032654737754937e-15
5.643530619883941509e-15
6.223318815874121522e-15
5.618333348600308431e-15
6.161001318190033087e-15
5.588068935817000656e-15
6.085582841799301850e-15
5.555604150658536185e-15
6.009059605574284367e-15
5.523091742535189174e-15
5.943043473572348520e-15
5.496566846221503653e-15
5.892083070466287325e-15
5.484231551827106866e-15
5.853235251965409571e-15
5.489437793289648502e-15
5.821979666128235229e-15
5.505852148413425324e-15
5.798505346791530407e-15
5.520768589436155585e-15
5.788132647350074973e-15
5.524371322594037379e-15
5.795456928581218937e-15
5.516453029601332754e-15
5.818098263516121016e-15
5.504465721809280951e-15
5.846337869819347545e-15
5.495460362985830930e-15
5.868987710275207890e-15
5.490204130606962200e-15
5.880077610624220433e-15
5.484634505844601146e-15
5.881213534372689253e-15
5.475844973024069234e-15
5.879128230899184746e-15
5.465870490206417012e-15
5.881184187420718180e-15
5.460036655109453742e-15
5.891283386261398779e-15
5.462621347822019884e-15
5.907613651005154632e-15
5.474577248547778474e-15
5.923950824097022672e-15
5.494956792343160884e-15
5.935502241527189650e-15
5.523566262076346414e-15
5.946092983373561892e-15
5.561607073030670081e-15
5.969628908423562587e-15
5.610127509403505158e-15
6.022162961930895115e-15
5.669393706893851245e-15
6.110751778225618147e-15
5.741556075540771324e-15
6.230580223059453768e-15
5.833920978036756900e-15
6.373873194677287050e-15
5.955853645441183152e-15
6.539119545414021545e-15
6.105250036858215062e-15
6.724274445387847304e-15
6.251059457858122294e-15
6.902956095801102813e-15
6.327891567379646327e-15
7.006481749439171065e-15
6.255913687108033210e-15
6.940035873959266667e-15
5.981530310691466495e-15
6.634683100481912166e-15
