1.951045227183012567e-24
6.296290678451878108e-25
9.609190376711154722e-10
6.089433294677363814e-10
2.978565559148015813e-10
8.523841527041873602e-11
9.123540076915136618e-11
8.463939258791159180e-11
6.114447502361355073e-11
3.042512087611419331e-11
4.405523884662168830e-11
3.850812763276967403e-11
2.674300154803174507e-11
3.246090748148031853e-11
2.012055024714710907e-11
2.193244262305513288e-11
1.530870479289880826e-11
2.275856802108875130e-11
9.824456697114104609e-12
5.872821569413920189e-12
1.452661891181295050e-11
9.619723400703785372e-12
6.537287190064662885e-12
9.440213267901867533e-12
5.926902698912081055e-12
5.851447208362895020e-12
4.319013195473872081e-12
5.413005462953735203e-12
3.282443893639822130e-12
4.636396404348274674e-12
2.810339661308686773e-12
2.759273642629871130e-12
3.169223879108053486e-12
3.114416185509203853e-12
2.577355229578517297e-12
2.314093416237131163e-12
2.427175952891817614e-12
2.050155137258801566e-12
1.841093962420114516e-12
1.703937834271291998e-12
1.323721720028853459e-12
1.470928610027327817e-12
1.214135953723185375e-12
1.232531830324088885e-12
1.363931269912666521e-12
1.235712275820978266e-12
1.000229712298442889e-12
1.008782700037868567e-12
8.704829606242663167e-13
9.407784026025311803e-13
9.304544097691089098e-13
7.976146066980589633e-13
6.494495237452559214e-13
6.744196124974675131e-13
5.377886718208611847e-13
5.362531609391029847e-13
6.339709438835798878e-13
5.687816210781237157e-13
3.941315313258853729e-13
3.315687761678886222e-13
4.526403432261350923e-13
4.268808403787415312e-13
3.187350456196656550e-13
4.126737041027616281e-13
4.789696669358808741e-13
3.184226378556078212e-13
2.812610403285881781e-13
2.617202237063559107e-13
3.336352361727053099e-13
2.906068573666789468e-13
2.587733396729059029e-13
2.041324797269297189e-13
2.379961878475549655e-13
1.986964333972403689e-13
1.562770638435397161e-13
1.463946955529317071e-13
1.607991062564538621e-13
1.528171343388345628e-13
1.575301093606883959e-13
1.362995491623078753e-13
1.227886535607136313e-13
1.320725176269739062e-13
9.777129253241283081e-14
9.872041431713292206e-14
1.037735054955700592e-13
9.982377896218479025e-14
1.000779685058007760e-13
7.912066085686191678e-14
7.978990677442882552e-14
8.455099702055611898e-14
7.474075884336908083e-14
7.419232763181539887e-14
6.587960624364314969e-14
6.515260977283704111e-14
6.047767737600582360e-14
7.664764898743794619e-14
4.410563478943793926e-14
5.086017562743018033e-14
4.536619036244645766e-14
5.107172620083950143e-14
4.212700504009007123e-14
4.502872062324990975e-14
3.959290389484393195e-14
3.566771553130206275e-14
3.024984237067848868e-14
3.126619849759821060e-14
3.166876874152764797e-14
3.127859062892486146e-14
2.631335130258537138e-14
3.070221107784738535e-14
2.393208900157659346e-14
2.660473450224216465e-14
2.401045371275677108e-14
2.298808086838053961e-14
1.874572099972049026e-14
1.987689531686312307e-14
1.634142627832931098e-14
2.080834422418362919e-14
1.633238920535892507e-14
1.681416489263968574e-14
1.468736034738324309e-14
1.360688797066883107e-14
1.461863603817443817e-14
1.392492867923426523e-14
1.456845132111920357e-14
1.106862369288974473e-14
1.089206998343637386e-14
9.794809128378784008e-15
1.031855633999266206e-14
9.200584096492049306e-15
9.606588192102863460e-15
8.191657212300551096e-15
8.317940573304908625e-15
7.814533473656275398e-15
6.383975338493867418e-15
6.383355931947167063e-15
6.988034951591816361e-15
6.634911840490161912e-15
6.377958508672662125e-15
5.959070447612977833e-15
5.349492506549533071e-15
5.712070452176437718e-15
4.609033639959315296e-15
4.766968688418269663e-15
4.515651680251224209e-15
4.074407227081778273e-15
3.480610628744559281e-15
3.667998516741273892e-15
2.929134055739411150e-15
3.471699316259524622e-15
3.288876803658193839e-15
2.957978028659694907e-15
2.812592780079274710e-15
2.675774967140904584e-15
2.874978673809839902e-15
2.628352609944490743e-15
2.342194617485637860e-15
2.050894100577508634e-15
2.027365893827405592e-15
2.280134484793327334e-15
1.702620760501173299e-15
1.920287688742241664e-15
1.816365500716119244e-15
1.655552268119505128e-15
1.532044262269926118e-15
1.639107310245410107e-15
1.507138313897234952e-15
1.541756252454813569e-15
1.231607775432043257e-15
1.202701977979400276e-15
1.201420396129024269e-15
1.220996448511907943e-15
1.150471061699185231e-15
1.133407381539776112e-15
1.003842337923571893e-15
8.287579909049309879e-16
8.567042350110467389e-16
7.477055488943023693e-16
8.475703287464886075e-16
8.229879228901828973e-16
7.709773177730784478e-16
6.958399859864985521e-16
7.085560066039638104e-16
6.478015068507665084e-16
6.908857602630503480e-16
5.712214149052246560e-16
5.996492520988293502e-16
6.168853033184221949e-16
5.937111255337376010e-16
5.408244143434698943e-16
4.498055294351682185e-16
4.949153125251311556e-16
4.016920942962618633e-16
4.671269301706365502e-16
3.742891833837913055e-16
4.150017958733839108e-16
3.620106724168278967e-16
3.693788246438541637e-16
3.369499603070548282e-16
3.217105826849009094e-16
3.262463376751698130e-16
2.617088415263533364e-16
2.869512989512853260e-16
2.427323731466547432e-16
2.241386250910343321e-16
2.373166990755860994e-16
2.500323549799946474e-16
2.352321224794218639e-16
2.073107394316974549e-16
1.983538189575741645e-16
2.202602714662354063e-16
1.841401235168159683e-16
1.790544164676151833e-16
1.693664629755677548e-16
1.674759376637043447e-16
1.597391929771195240e-16
1.321747707443940388e-16
1.357831619315236412e-16
1.311490546875330274e-16
1.254989538204469149e-16
1.366321777689442934e-16
1.103951288150242328e-16
1.101493889883617666e-16
1.159475715281623236e-16
1.044190182534793676e-16
9.526116334541221755e-17
8.192458413145356354e-17
8.833067742261557905e-17
8.323148736223133662e-17
8.301010790462455428e-17
7.427807160015780190e-17
7.861732326430870402e-17
7.979185381763953221e-17
6.694447138794616414e-17
6.268687377457307622e-17
6.273661020096800165e-17
6.349130475196710258e-17
5.347578911850496637e-17
5.674406954488615640e-17
5.246254669883572758e-17
4.976225481391886844e-17
5.446002688844002936e-17
4.739065789189066255e-17
4.540758827216909932e-17
4.296902796753225250e-17
4.347406794397106702e-17
4.203109960891887331e-17
3.874525938040049651e-17
3.771917790771220144e-17
3.129867254483636713e-17
2.866553995816927716e-17
3.062949160634108367e-17
3.156225892147714331e-17
3.078487053302036158e-17
2.683987852746403573e-17
2.533157151588175386e-17
2.562822011740755517e-17
2.124360742203927274e-17
2.299579274616231711e-17
2.354573911144160090e-17
2.074768149108784233e-17
1.981452099178990793e-17
1.928725749227053031e-17
1.999088063506228532e-17
1.798829768624234878e-17
1.755486682230708547e-17
1.859484578492103518e-17
1.708046739945426713e-17
1.766862307193104409e-17
1.488875515015766042e-17
1.496672771985707534e-17
1.413240524557005119e-17
1.348082556158957775e-17
1.292888909812188109e-17
1.266723267280817671e-17
1.232324426913483776e-17
1.104363191658216868e-17
1.035162426339272479e-17
1.027137412197565714e-17
9.925579860524752312e-18
1.059755528374624505e-17
1.018979204346137978e-17
9.484867109206796245e-18
8.430812046343492171e-18
8.849310964744310465e-18
8.963312088603443454e-18
7.068602281716043633e-18
7.891195641224336667e-18
6.681083748524202701e-18
6.555296029804760938e-18
6.822706872901632517e-18
6.550199418687080079e-18
5.846436471845336900e-18
6.763353179841288623e-18
6.393596296198999810e-18
5.375015791271715661e-18
5.197534215815461586e-18
5.204970700927863987e-18
5.233571199020318712e-18
4.552059539448660852e-18
4.690538286382473729e-18
4.670620998057870066e-18
4.186287174758504911e-18
3.913957409355025641e-18
3.865467393117591514e-18
3.421141570725257051e-18
3.718925894128281308e-18
3.569433876602330456e-18
3.109787719685454781e-18
3.205462744986736265e-18
2.588181295151566840e-18
2.957349966868465503e-18
2.757109892770383171e-18
2.711775340800156081e-18
2.750277058360399671e-18
2.711934349886458395e-18
2.447808576837281121e-18
2.273346057793929724e-18
2.348993435878704802e-18
2.143443070194663247e-18
2.165186399457876777e-18
2.052194937205393785e-18
1.782613443684027721e-18
1.886811591740563581e-18
1.757836809259465170e-18
1.721394278537524401e-18
1.648832736960463230e-18
1.680196606734058855e-18
1.586663796957886757e-18
1.383797424501209038e-18
1.374201899478567498e-18
1.390904472041745857e-18
1.206574399198615827e-18
1.310697042608144730e-18
1.255048414608998158e-18
1.188021287575920104e-18
1.066329555590661009e-18
1.021544559736872376e-18
1.053544488184857804e-18
9.264219562677731517e-19
1.030524889283026201e-18
9.187147947530183269e-19
8.859107865722952921e-19
8.398931168321495373e-19
8.234141288073316424e-19
7.194045086342257230e-19
7.094920835204931250e-19
7.614207633448380425e-19
7.140274961427576889e-19
6.481094947143046489e-19
6.513306686970718004e-19
5.720532089470583654e-19
5.921059921444190771e-19
5.562504293700670190e-19
5.417820446349511270e-19
4.274182042721463530e-19
4.715139008654367733e-19
4.777552579736021304e-19
4.415226098547350256e-19
4.440551824963389872e-19
3.829880759115730331e-19
3.819077786704435416e-19
3.639174190513757524e-19
3.433430399687976885e-19
3.755583411252318507e-19
3.146702062867826556e-19
2.978809239474531219e-19
3.201876079611279269e-19
2.814334298541528278e-19
2.609859357165688197e-19
2.931851291804479475e-19
2.709233862603400358e-19
2.277945812155341262e-19
2.126354553930665175e-19
2.398126956178225307e-19
2.110007227621753659e-19
1.939142809151302497e-19
2.175157480634659464e-19
1.771097772722832824e-19
1.700202354835308043e-19
1.722560886165357583e-19
1.532801711752833980e-19
1.538613119314842523e-19
1.360375243565009777e-19
1.339043232156816463e-19
1.201447536557175775e-19
1.285807673341210383e-19
1.139434479730479368e-19
1.084207715672105984e-19
1.048327246047375601e-19
9.039404043565639380e-20
1.030621134751019318e-19
8.512997674598734132e-20
8.836070067637342193e-20
8.499825081875344926e-20
7.004450492033197682e-20
7.022516490185641733e-20
7.158253034445288501e-20
6.024294495668549343e-20
5.806340199479765105e-20
5.720568646492989690e-20
5.287461970866371929e-20
5.175455897294255314e-20
4.870071254598756604e-20
4.019563348189988826e-20
3.726875581117757755e-20
3.712948531405798267e-20
3.589434498701804341e-20
3.312240133347566265e-20
3.238496440832351819e-20
3.031386668895897040e-20
3.147078223703041064e-20
2.713050974467507830e-20
2.168744090549192758e-20
2.262236457566295462e-20
2.090784904474558363e-20
1.977020769598252869e-20
1.854001332689221104e-20
1.571478508236374885e-20
1.692490836596322121e-20
1.525384181740139880e-20
1.431295230567705922e-20
1.349179141442021522e-20
1.096874050597609590e-20
1.021017895932817490e-20
9.900183061721073043e-21
8.584071442777619253e-21
7.964764909937581926e-21
7.582074356930055094e-21
7.306785312294053985e-21
7.060213045389501230e-21
7.057096299476958502e-21
5.161212932493807464e-21
5.046512501224951431e-21
4.662287983269533198e-21
4.944157069190588059e-21
4.206268710382301212e-21
3.616581583852273371e-21
3.491974517235407590e-21
3.125985334552409493e-21
2.927437990940359298e-21
2.673528543887788798e-21
2.406339039497233349e-21
2.284747155889037826e-21
2.294336016521525521e-21
1.881309539236992056e-21
1.765459057692873947e-21
1.526380141265945500e-21
1.415573208743370523e-21
1.210854785578459667e-21
1.100297500449970230e-21
1.034371893860773360e-21
8.183153971154589290e-22
7.453214566940436605e-22
5.927115977863227737e-22
5.168590956332245634e-22
4.597114600045202765e-22
3.945394941879816495e-22
3.175024546803697763e-22
2.731365978959069575e-22
1.825980123893223989e-22
1.665340096102813188e-22
1.018424257896085537e-22
8.088333913374694808e-23
5.503422490758108069e-23
2.515675497238063382e-23
1.989600260386957852e-23
4.818255642448120724e-24
2.041895735133776530e-24
1.385007018248640534e-24
8.744351906376516412e-24
1.333113314761458054e-23
2.933073862728163421e-23
4.509608152163237273e-23
6.278430636128198712e-23
9.246527338871354034e-23
1.170933091676890356e-22
1.410546510113129119e-22
1.594645555145733449e-22
1.782884569141214166e-22
2.084694413239792068e-22
2.111759322989867579e-22
2.549841083957517769e-22
2.847599980461944623e-22
2.793528931942619671e-22
3.473481980459409531e-22
3.398520528087233668e-22
3.992372595102624027e-22
4.090024746479002013e-22
3.890091373936891303e-22
4.827443427432532391e-22
4.740640716617416791e-22
4.730722346645346151e-22
5.033529632305844713e-22
4.968578830022224562e-22
5.569090615792505467e-22
4.998832466355557988e-22
5.476548413136655102e-22
5.364183198796168495e-22
5.833822437459304278e-22
6.154958865425934766e-22
6.144642885999496847e-22
6.183177609986968036e-22
6.854968447703371766e-22
6.842707317315507196e-22
7.452637462176634762e-22
6.945553494973739299e-22
7.319876417394674690e-22
8.213967429408094384e-22
7.928626308937190914e-22
8.718241966310225430e-22
8.807916985007350941e-22
1.017222932109572048e-21
9.582421702859828125e-22
1.020448129230588516e-21
1.095478943905868412e-21
1.145425263175394173e-21
1.327363849461550835e-21
1.249595909946586579e-21
1.359602793498443949e-21
1.488575261723372294e-21
1.459068854671495198e-21
1.411237856895496890e-21
1.653289865937963518e-21
1.681968637078364513e-21
1.843673143187856336e-21
1.895634713461735527e-21
1.927018774788140372e-21
1.851800257580637311e-21
2.117483389783636912e-21
2.151131117548502310e-21
2.197635577442846404e-21
2.454274910127943977e-21
2.271122450244682019e-21
2.849950775912721353e-21
2.371151447305096137e-21
2.306901823845810320e-21
2.541313833832593508e-21
2.826500957369118256e-21
2.606156520493828359e-21
2.592393995599645269e-21
2.739896051869017850e-21
2.835339628891913249e-21
2.840296413942793735e-21
2.848152404377677864e-21
2.857857547052183662e-21
2.790095000021417430e-21
2.903062265709931010e-21
2.908791997972508087e-21
3.017516299729456164e-21
3.011125366435848656e-21
3.080982128120941527e-21
3.108689355523744729e-21
3.132589589872654019e-21
3.400490064065437001e-21
3.115212732440779340e-21
3.362812844602236068e-21
3.429829065866122331e-21
3.281645083331993534e-21
3.356612732901244219e-21
3.621719844977879515e-21
3.554055241073139321e-21
3.362067353012132406e-21
3.412363186171027771e-21
3.900019752114217691e-21
3.545589972618525200e-21
3.749241096328382816e-21
3.760170766102725124e-21
4.005250415276979909e-21
4.410367362930387764e-21
4.162630675870036960e-21
4.229911468862418405e-21
4.482650615809175294e-21
4.418968065553331822e-21
4.672354144970244226e-21
5.000905476600886601e-21
4.769850139551155717e-21
4.952226022246053574e-21
5.421352532058167602e-21
5.046578460261785611e-21
5.252285773956001075e-21
5.410109194032756148e-21
5.352222112363557998e-21
5.476134106824608684e-21
6.013075582294336594e-21
5.556424245466563780e-21
6.662109395230755420e-21
6.298998151240040177e-21
6.126303823340724844e-21
6.751530995494515713e-21
6.597929482697304627e-21
6.828780673922133017e-21
6.577739098752301086e-21
7.016286427439451735e-21
6.646740440310286216e-21
6.962515801654426359e-21
7.495463434974452050e-21
7.775163010049084272e-21
7.378450132225285681e-21
7.014800329955722815e-21
7.531582952839502144e-21
7.856519856813995900e-21
7.573940360299193060e-21
7.740739201535070688e-21
8.050634543082900658e-21
8.473444818416395649e-21
7.306651324138474377e-21
8.510356683400334158e-21
8.057887991243417811e-21
8.884342027832574292e-21
8.334253276655179320e-21
8.618727252891872906e-21
8.640308505865885489e-21
8.310238533026509021e-21
9.291255069902519181e-21
8.842911825650447684e-21
9.709131436135647010e-21
8.634096309161584246e-21
9.160913907223897480e-21
9.070081871368943573e-21
9.965161812159943500e-21
9.355861311412782840e-21
1.026852385914186425e-20
9.568232408881205144e-21
9.672463147795639186e-21
9.451263754324920805e-21
9.544783877428754900e-21
9.989631875800427583e-21
1.058334882580920929e-20
1.102053145352689321e-20
1.085142916620357895e-20
1.064686075991592698e-20
1.122620765346330177e-20
1.097630559557264329e-20
1.096968550824987381e-20
1.179975411699712937e-20
1.161576342460636703e-20
1.193519385543475173e-20
1.210950853050194488e-20
1.244685835687494778e-20
1.153755201883497969e-20
1.223545779817726226e-20
1.315557880102818282e-20
1.374023300891607915e-20
1.295046015259915306e-20
1.398664117140783462e-20
1.281217131937116429e-20
1.399371316725231657e-20
1.338754002223255111e-20
1.364830247068632553e-20
1.332084900880250733e-20
1.314080607043573946e-20
1.324056245890699011e-20
1.383382959693732870e-20
1.380705177411748231e-20
1.310745766533417649e-20
1.438661683569576647e-20
1.355363469973375409e-20
1.471707839452315445e-20
1.434253724221734501e-20
1.432923424590370036e-20
1.400420810448112084e-20
1.461741621270283131e-20
1.467559286186502130e-20
1.553688457049474397e-20
1.493775901728505488e-20
1.515004689655116669e-20
1.521385660407089038e-20
1.453536792561271853e-20
1.532703690669345363e-20
1.413393404060616616e-20
1.419367491021411061e-20
1.522516993127180898e-20
1.431664545288009356e-20
1.511529527669351924e-20
1.586024529420336330e-20
1.573621639079059720e-20
1.480370418156074843e-20
1.541796560018223064e-20
1.524312366006797674e-20
1.582707900118453228e-20
1.473673624991596555e-20
1.599862957816874877e-20
1.538097934286693471e-20
1.507892430914590914e-20
1.515519510665464641e-20
1.476247707139628625e-20
1.400712465479136521e-20
1.487769989795934835e-20
1.602103398650622320e-20
1.503830394096511978e-20
1.401010475533452965e-20
1.405326799353873290e-20
1.575070218627851563e-20
1.456380290121524858e-20
1.504122419451447408e-20
1.516693138743214539e-20
1.446376434084462522e-20
1.352956352934430096e-20
1.546994681896325332e-20
1.486639868043535729e-20
1.452852908619900299e-20
1.443325711865908105e-20
1.397048035849267545e-20
1.431471218109321809e-20
1.492367525815056160e-20
1.361919989400113848e-20
1.412052391911568236e-20
1.470200968350708505e-20
1.399462381671999741e-20
1.453232315427141217e-20
1.284497434737925584e-20
1.470334625094562061e-20
1.358406497505751057e-20
1.399048321654677432e-20
1.253848547830615599e-20
1.384494935670404346e-20
1.419728352857377098e-20
1.366463367389640641e-20
1.315796228195091734e-20
1.322674152906631840e-20
1.265596942484819296e-20
1.331799675504275619e-20
1.296617712692327983e-20
1.296641389529697794e-20
1.213988573113550696e-20
1.250147048807499979e-20
1.284033818357363647e-20
1.291643579824916230e-20
1.114547220802192024e-20
1.260835319148899166e-20
1.225010751148070739e-20
1.180118589860159834e-20
1.193615660548176253e-20
1.066333428175639173e-20
1.156170055348910983e-20
1.078021895950561365e-20
1.051406432283324880e-20
1.083067063682994782e-20
1.032836430330657076e-20
1.101131214162817442e-20
9.588102933989606363e-21
1.055275189654102307e-20
9.407189269452525955e-21
9.844175120436152635e-21
9.914152192030522633e-21
9.402516739042059798e-21
1.003797391316261959e-20
9.431831422332280781e-21
8.724203237938403788e-21
8.883756187306546126e-21
8.870705557418924512e-21
8.619219195286093897e-21
8.547843470312022717e-21
8.328277727077083280e-21
8.339274643725913224e-21
8.037539429525758463e-21
7.646749189151344338e-21
7.970919311328375168e-21
7.662397179238563080e-21
7.993418343496458682e-21
7.105167243490222647e-21
7.271500319239629000e-21
6.836395130008623501e-21
7.621654861755449351e-21
6.992179247885182799e-21
7.066908913682961531e-21
7.159083913719015074e-21
6.736307826183538259e-21
6.930898489757575232e-21
6.363080237825580344e-21
6.108569448258517817e-21
6.199277969876527707e-21
6.004669378178753069e-21
6.408090074575433830e-21
5.848658356676865071e-21
5.995305586213922979e-21
5.259172313216917443e-21
5.514419612249344415e-21
5.104420642129473218e-21
5.262476257012156034e-21
4.766038506262420937e-21
4.669132851456138277e-21
4.594052544356993653e-21
4.738538382170154345e-21
4.603171408903382821e-21
4.234620419001955505e-21
4.266839690928481987e-21
3.905709881519327555e-21
3.850166386408738924e-21
3.544886319907332722e-21
3.733510511122888544e-21
3.512499784342617736e-21
3.536265751362839662e-21
3.463727048740674214e-21
3.143639043889150721e-21
3.176465545739235859e-21
2.745517849796008066e-21
2.818927322921283116e-21
2.571933710740180360e-21
2.601300063544498843e-21
2.318057851475385604e-21
2.346855875046068430e-21
2.292865998377976973e-21
2.011245173561753971e-21
2.058943023772185102e-21
1.849590551747637934e-21
1.867937640633821135e-21
1.657566283932227453e-21
1.816537374001399197e-21
1.546033846820970690e-21
1.469592697145856731e-21
1.374181148026218523e-21
1.271112350586462964e-21
1.264883341738124457e-21
1.173157737554021438e-21
1.154771706027642465e-21
1.041092925062571480e-21
1.041569929488276561e-21
8.594630894848618719e-22
8.992695026594025680e-22
7.868272619211340925e-22
7.637171336416372643e-22
7.082550453174977125e-22
6.133494271262571655e-22
6.218090669232843448e-22
4.985639215946205220e-22
5.470913250536782142e-22
4.271284796111152298e-22
4.411338689972964526e-22
3.298961285222317465e-22
3.221870743744104647e-22
2.658036921163665478e-22
2.286284488862520357e-22
1.899983362474191806e-22
1.509655709148690681e-22
1.431992120376827335e-22
8.309058210770745313e-23
8.853352851521815351e-23
3.995145876188577152e-23
5.134630997627523898e-23
1.300502487036654987e-23
1.860159113312984677e-23
1.695465693475746564e-24
2.907541450232671973e-24
2.293576234237663015e-24
1.070599194590128196e-23
1.199763073846848086e-23
4.207715283019638322e-23
3.746036944953668542e-23
8.620119834694954732e-23
7.783742361939408489e-23
1.547726594645257427e-22
1.454264037797894915e-22
2.186578788614502023e-22
2.310858267762484694e-22
3.123963404123019947e-22
3.642032140245809026e-22
3.920076041034423494e-22
4.975222770134079727e-22
5.179264596686416658e-22
6.337466408742245736e-22
5.868729677636493183e-22
7.773603079379520256e-22
7.250941860931693016e-22
9.892990082967267819e-22
8.805867715974378162e-22
1.099247184971686280e-21
1.092467842852495481e-21
1.290027360362102175e-21
1.285682527844968294e-21
1.418235568942791970e-21
1.626657211221089227e-21
1.585938577640182892e-21
1.756853687328755933e-21
1.792438435655130496e-21
2.036062759572406178e-21
1.979633867927863237e-21
2.282137165569527683e-21
2.153965208156976500e-21
2.889045375244671948e-21
2.549556353755314000e-21
2.724694483765199025e-21
2.835611857082752943e-21
3.139252848486459323e-21
3.233004811557567824e-21
3.203487687738434342e-21
3.725142578816389179e-21
3.933938319375077840e-21
4.077821176941956772e-21
4.230948545035379224e-21
4.428341287743947668e-21
4.407151076610110943e-21
4.822312264221026702e-21
4.730550965214676704e-21
5.768856479566889487e-21
5.729606389481271796e-21
5.876748534232375082e-21
5.987765286815418737e-21
6.657776167380931371e-21
6.356156892961520543e-21
6.903431916778128579e-21
7.029889295536478907e-21
6.769423710605858763e-21
7.975688912516293471e-21
7.766332764918215658e-21
8.317699540695186460e-21
8.313537760588501788e-21
9.685415832406639447e-21
8.543400675721136313e-21
9.674804880545464348e-21
9.595480576305535144e-21
1.030501660034470226e-20
1.058356087807462487e-20
1.128484318973436717e-20
1.067378356210614106e-20
1.072133965923935143e-20
1.112594823087295617e-20
1.196615573529058604e-20
1.261551702115341352e-20
1.177991623828141444e-20
1.246717236232856089e-20
1.283545092065611576e-20
1.401206808871153917e-20
1.346232277151692037e-20
1.454436021508502520e-20
1.376347568486247648e-20
1.485955928639347688e-20
1.455453352329919565e-20
1.529264735169940079e-20
1.574946125092285457e-20
1.662285041868593270e-20
1.597533424491407479e-20
1.743863698507265417e-20
1.659279682072622191e-20
1.802258031927728594e-20
1.742347553914323140e-20
1.757447408362264017e-20
1.861345451995604719e-20
1.899601605623267773e-20
2.012901388102896637e-20
1.801688900239077333e-20
1.898511073609973226e-20
2.109310344379004168e-20
2.316356744878525692e-20
2.071517638784315647e-20
2.133175287479163014e-20
1.995042029557457405e-20
2.114819135239283681e-20
2.155470171399682000e-20
2.356633677008150901e-20
2.117556796183207125e-20
2.314834284441697022e-20
2.178127606450446952e-20
2.377126825515791986e-20
2.343383919527925053e-20
2.346040820146014847e-20
2.445097271911771871e-20
2.577767448565686139e-20
2.510221755512250928e-20
2.483808385740580624e-20
2.618155404840014572e-20
2.449422734036673082e-20
2.642373125630620947e-20
2.594230250706420533e-20
2.613000768737186746e-20
2.588884713724183709e-20
2.727283566161511546e-20
2.701670803437574683e-20
2.654914960518214715e-20
2.457143589105797155e-20
2.775944093156474799e-20
2.400791429005495103e-20
2.766516564641068695e-20
2.641033016370863348e-20
2.554479278649040692e-20
2.581191031903080094e-20
2.836731386367320459e-20
2.599380667280123945e-20
2.637771105194863723e-20
2.556868903597127303e-20
2.710038453555749104e-20
2.602154612176442117e-20
2.427520438052798517e-20
2.527722381736998385e-20
2.522775534500033938e-20
2.499939256710988243e-20
2.282625225207557586e-20
2.405314265069564875e-20
2.337349490672384224e-20
2.354625264543866348e-20
2.338386970510537998e-20
2.334848189897856458e-20
2.130541160671183144e-20
2.207653044425883675e-20
2.118043951095546467e-20
2.296725619658608533e-20
2.191217106767751240e-20
2.099750408177162847e-20
1.970725879401573374e-20
2.004918957728083726e-20
1.926517357939718947e-20
1.975758309671743215e-20
1.766975402270354801e-20
1.883345988649139337e-20
1.708102927738966331e-20
1.831980342832748380e-20
1.705248153321698929e-20
1.736922443531011852e-20
1.554041364578203204e-20
1.626867314541676668e-20
1.436386969399239796e-20
1.532813027230501811e-20
1.356323732228778987e-20
1.373126975591513961e-20
1.293063475513218297e-20
1.328869928401596071e-20
1.170458808345293166e-20
1.199716737951755289e-20
1.119068154506292536e-20
1.021002485263521660e-20
1.086094013702590555e-20
9.951228524187521928e-21
9.101516882088738232e-21
6.535994504446624084e-24
3.930378720238032583e-24
6.692677187327891551e-24
4.087687613144269575e-24
6.847404006321882914e-24
4.241718252678796644e-24
6.998568377554628241e-24
4.390405896827930512e-24
7.144509007844893297e-24
4.531429566055205806e-24
7.283159117152744652e-24
4.662356692449756246e-24
7.412383176564561464e-24
4.780784456524297114e-24
7.530352229815583474e-24
4.884275812349125045e-24
7.635229822907276890e-24
4.970370872803830615e-24
7.724992655784887582e-24
5.036815703676022063e-24
7.797939707462766048e-24
5.081687410010159342e-24
7.852921041255564100e-24
5.103337743732873098e-24
7.888934514450527742e-24
5.100493471703713349e-24
7.905150310587039117e-24
5.072507898336228714e-24
7.901474817708296769e-24
5.019408490539228110e-24
7.878538837870288137e-24
4.941813167726297708e-24
7.837237576454448035e-24
4.841047080308113998e-24
7.778920271884982478e-24
4.719296542548737431e-24
7.705842440634075652e-24
4.579484034616549921e-24
7.620840096201303689e-24
4.425089555829196491e-24
7.526848750088801185e-24
4.260180723759020649e-24
7.427184551307174029e-24
4.089357820551383912e-24
7.325746245355010577e-24
3.917413281543550311e-24
7.226397073524692968e-24
3.749058645602930513e-24
7.132561430049245737e-24
3.588859874168491005e-24
7.047573490395937821e-24
3.441013196821604014e-24
6.974621273040875123e-24
3.308932080419428564e-24
6.916022856052677551e-24
3.195064316155612595e-24
6.873100073936920606e-24
3.100915502929861318e-24
6.846660376623736397e-24
3.026898142456958674e-24
6.836820337004579555e-24
2.972153637155820605e-24
6.842467925094288027e-24
2.934730979670739420e-24
6.861603904063888646e-24
2.911901921751398935e-24
6.891986458800200009e-24
2.900271405196557801e-24
6.930940060834976415e-24
2.895965911060144323e-24
6.975156555349449226e-24
2.895145305119035925e-24
7.021434427246401793e-24
2.894438704338960492e-24
7.067258977762391238e-24
2.891074088292797536e-24
7.110458802332375331e-24
2.883082613621950668e-24
7.149178107034539660e-24
2.869649653901109019e-24
7.182613930367004570e-24
2.851142586115652192e-24
7.211109731015477259e-24
2.828802371576513284e-24
7.235435480381881341e-24
2.804563882956508014e-24
7.256716897229656299e-24
2.780931656223601001e-24
7.276866876048986624e-24
2.760507634524608941e-24
7.298094520369759761e-24
2.745421158954278742e-24
7.322017542301061863e-24
2.737123452549114706e-24
7.349781312697680876e-24
2.736304350485882806e-24
7.382409045556298550e-24
2.742622317981709612e-24
7.420202155293508299e-24
2.754644896191823049e-24
7.462307976697493804e-24
2.770265299361791295e-24
7.507441651884716590e-24
2.787119472293242785e-24
7.554403855158202413e-24
2.802773263070114314e-24
7.601662620399763844e-24
2.815103244452690853e-24
7.647483162794407356e-24
2.822868469548108611e-24
7.690926150240257494e-24
2.825892252641056651e-24
7.732028081617050174e-24
2.824856798089141860e-24
7.771121320815999826e-24
2.821219253511120969e-24
7.808949222167092261e-24
2.817115293004119910e-24
7.847211917533183939e-24
2.814816795316330602e-24
7.887950572758389483e-24
2.816098906258285069e-24
7.932561227230938121e-24
2.822046912191198303e-24
7.981983076281542519e-24
2.833002130492876087e-24
8.037029696398864291e-24
2.848327691757785936e-24
8.097642938747493469e-24
2.866467782041702435e-24
8.162492334486411063e-24
2.885531403779342529e-24
8.229893678534647785e-24
2.903786028244253427e-24
8.298369071851101264e-24
2.919807618965704743e-24
8.366166160345863445e-24
2.932774393124524653e-24
8.431485897127940897e-24
2.942860441606687978e-24
8.493582187918568106e-24
2.951098481138224480e-24
8.552780856612460017e-24
2.958843248520097263e-24
8.609593121100055887e-24
2.967499319653925253e-24
8.664832911926168081e-24
2.978372308379984147e-24
8.720153058165685675e-24
2.992196973934549157e-24
8.777268079956659350e-24
3.008791270002949597e-24
8.836971593500074168e-24
3.027345166034203986e-24
8.899596070426338723e-24
3.046831645429956826e-24
8.965524735142994234e-24
3.066085547779251546e-24
9.034454164881274404e-24
3.084030086570437934e-24
9.105126762995094636e-24
3.100209388903551952e-24
9.176427496208951249e-24
3.114912187436527511e-24
9.247807972379378118e-24
3.128761140915412650e-24
9.318488611106080403e-24
3.142502098287495659e-24
9.387554077024224560e-24
3.157038397859678640e-24
9.454968708823861432e-24
3.173107671347998890e-24
9.521328202050745220e-24
3.190866052572823361e-24
9.586823142252964486e-24
3.210068865664435022e-24
9.651565939242742581e-24
3.230472122933245729e-24
9.716352740004483621e-24
3.251788793083466013e-24
9.781916566339475810e-24
3.273612105282650241e-24
9.848093369044768616e-24
3.295751643343407327e-24
9.914596974913267460e-24
3.318358547661507320e-24
9.981604177688606073e-24
3.341498877196793702e-24
1.004885376453840266e-23
3.364944235418523498e-24
1.011539990195082768e-23
3.388465121094459352e-24
1.018084785132509224e-23
3.411888841405378123e-24
1.024565605396143789e-23
3.434852040401171978e-24
1.031012254883654941e-23
3.456989938486521508e-24
1.037450505459844709e-23
3.478371440285018914e-24
1.044002444642845944e-23
3.499347032633639971e-24
1.050826898784543953e-23
3.520108485042118523e-24
1.057984465349129970e-23
3.540743404541103107e-24
1.065471977039155107e-23
3.561394546321391008e-24
1.073300883865927049e-23
3.581953304594299569e-24
1.081414191845703447e-23
3.601935292965629303e-24
1.089626887554135669e-23
3.621013601452053492e-24
1.097758915948985116e-23
3.639369767787071864e-24
1.105725133269998025e-23
3.657406824683551567e-24
1.113446570536808764e-23
3.675609307932090321e-24
1.120835731651067142e-23
3.694735558563226905e-24
1.127923636337951140e-23
3.715525059907623336e-24
1.134850245329848385e-23
3.738065932225320792e-24
1.141715214675065750e-23
3.761836365391264347e-24
1.148582674561234938e-23
3.786222335263352202e-24
1.155587509710179823e-23
3.810580461664093798e-24
1.162863551019416117e-23
3.834165653630157180e-24
1.170414704333420794e-23
3.856602256257612373e-24
1.178189349939122353e-23
3.878205951133657100e-24
1.186178943990830797e-23
3.899488167447987472e-24
1.194320195347551141e-23
3.920706564143102764e-24
1.202437605534696174e-23
3.942082698949854388e-24
1.210398647614234525e-23
3.963855463660063830e-24
1.218194291153585729e-23
3.985875489509210863e-24
1.225818533832588942e-23
4.007705063394062292e-24
1.233249147938857121e-23
4.029246989208853005e-24
1.240575600342269757e-23
4.050784244125977519e-24
1.247953246390685742e-23
4.072527103011109742e-24
1.255422526364916769e-23
4.094710380358286665e-24
1.262936580125570558e-23
4.117905278613867079e-24
1.270506186779467246e-23
4.142610747110045437e-24
1.278146290942058451e-23
4.168753972786155547e-24
1.285782601855820076e-23
4.195988751391009685e-24
1.293381502206028439e-23
4.224012061831914975e-24
1.301052824661767841e-23
4.252209738308259110e-24
1.308892163767617367e-23
4.279597096747411752e-24
1.316868990039181889e-23
4.305515867111608813e-24
1.324949287415439680e-23
4.329922430069219750e-24
1.333129816779302560e-23
4.352941384333050776e-24
1.341292514148470253e-23
4.374827892069621595e-24
1.349239507189585726e-23
4.396347212639655277e-24
1.356908399572995397e-23
4.418423010418103922e-24
1.364370082661977296e-23
4.441408859966750375e-24
1.371664520929458871e-23
4.465221934666923418e-24
1.378844319427076427e-23
4.489825253474594478e-24
1.386084222897695573e-23
4.514966458284169440e-24
1.393530910272678910e-23
4.539919075612533805e-24
1.401143474985937652e-23
4.564094677024438172e-24
1.408832000782298316e-23
4.587474305144450865e-24
1.416587762028898503e-23
4.610123638971225208e-24
1.424357682020319633e-23
4.631969623124633977e-24
1.432009128122338299e-23
4.653301683970698315e-24
1.439528028022204565e-23
4.674718937436220320e-24
1.447038769720379336e-23
4.696416432699321735e-24
1.454583066442898207e-23
4.718244473587075871e-24
1.462102967721114704e-23
4.740405079897808691e-24
1.469618320395319463e-23
4.763339827921011452e-24
1.477174656352955245e-23
4.787154216009986547e-24
1.484681293219340056e-23
4.811820775712822769e-24
1.492038794293857958e-23
4.837460366589782918e-24
1.499320858888816919e-23
4.863698646166725966e-24
1.506629999323634606e-23
4.889296285361985204e-24
1.513937013930769697e-23
4.913063289867262892e-24
1.521226761874405103e-23
4.934664585779369562e-24
1.528582154721575255e-23
4.954355932952976058e-24
1.535985573419650862e-23
4.972839672624987487e-24
1.543279048092283644e-23
4.991559611965939371e-24
1.550408407233606292e-23
5.012068488738817272e-24
1.557456845309843020e-23
5.034761917991021008e-24
1.564428130897162508e-23
5.058853403704986051e-24
1.571273590033523554e-23
5.083343840884613703e-24
1.578086115391646823e-23
5.107269092682439940e-24
1.584984303622749851e-23
5.129609608713194996e-24
1.591893897851634427e-23
5.150042740687411353e-24
1.598690030055655485e-23
5.169433499948606962e-24
1.605398889008405784e-23
5.188906083254614800e-24
1.612049903846377213e-23
5.208983547218523648e-24
1.618555697484038896e-23
5.229955121254146671e-24
1.624922437995555805e-23
5.252053633762530311e-24
1.631317787080000507e-23
5.274826840185943766e-24
1.637796964743788045e-23
5.297325305941712014e-24
1.644239836467281679e-23
5.319193544952973172e-24
1.650611895917601316e-23
5.340692772269220687e-24
1.656979850716210261e-23
5.361761066205358412e-24
1.663287041383184657e-23
5.382051192598629382e-24
1.669437403780590507e-23
5.401586941215517092e-24
1.675526462334205806e-23
5.420422036990162041e-24
1.681684030431485812e-23
5.438195966276988661e-24
1.687830550068364185e-23
5.454942387057341637e-24
1.693857725422899431e-23
5.471640304188329541e-24
1.699834622936557971e-23
5.489193281225613889e-24
1.705806044092123489e-23
5.507644387826587935e-24
1.711662307563704152e-23
5.526812684958077928e-24
1.717386787760442016e-23
5.546590935497954415e-24
1.723114968111509924e-23
5.566294991764675643e-24
1.728836195500602140e-23
5.584936068967946632e-24
1.734381076487806472e-23
5.602361484803252551e-24
1.739738648480651690e-23
5.619098005881555192e-24
1.745031018305902502e-23
5.635303621981491075e-24
1.750228152682218256e-23
5.650971962190919303e-24
1.755247856895849653e-23
5.666621671615976112e-24
1.760206226022050707e-23
5.682612977321037218e-24
1.765226406025399524e-23
5.698429155126781268e-24
1.770198316457359070e-23
5.713589178150731623e-24
1.775018195205716216e-23
5.728411383098263819e-24
1.779788762251823158e-23
5.743171675140721374e-24
1.784548324313837080e-23
5.757616244964144695e-24
1.789145190798937777e-23
5.771801988686261501e-24
1.793552477063146839e-23
5.786155663055778048e-24
1.797926349126390142e-23
5.800444167907619728e-24
1.802265451115742285e-23
5.814014270598677250e-24
1.806419295555403507e-23
5.827028470212913131e-24
1.810428417260691185e-23
5.840147683140722509e-24
1.814441113855972744e-23
5.853337989060404048e-24
1.818392604858611770e-23
5.866254451402306546e-24
1.822167991301681234e-23
5.879130719741688403e-24
1.825889245751787101e-23
5.892096462553517208e-24
1.829669822378025857e-23
5.904531520918779593e-24
1.833360036227993740e-23
5.916108513499683865e-24
1.836848038327688100e-23
5.927354980516658074e-24
1.840262470059136148e-23
5.938458646082703619e-24
1.843641855496680373e-23
5.948861172305452151e-24
1.846821223801681806e-23
5.958482114639572997e-24
1.849798964164464180e-23
5.967863695456306802e-24
1.852759280273610227e-23
5.976969716598584903e-24
1.855678734197400572e-23
5.985376301821054387e-24
1.858385908501949340e-23
5.993435277081007851e-24
1.860952907958923997e-23
6.001716114038505697e-24
1.863550531016099839e-23
6.009844341906886195e-24
1.866078033478815541e-23
6.017319768461564295e-24
1.868385013177193780e-23
6.024596392436159784e-24
1.870594012391716838e-23
6.032090404210844948e-24
1.872807481110151491e-23
6.039307139200348727e-24
1.874858462995842188e-23
6.045970698678236193e-24
1.876676077200164163e-23
6.052576242758455885e-24
1.878455827368273255e-23
6.059107242984673457e-24
1.880236970935179030e-23
6.064846153643871608e-24
1.881814287986279139e-23
6.069837849127674479e-24
1.883189495115442920e-23
6.074810321534982264e-24
1.884567243370902266e-23
6.079669611128947422e-24
1.885901434172513750e-23
6.083833486642977370e-24
1.887000782662472138e-23
6.087604681397147975e-24
1.887962903080172379e-23
6.091481618082153362e-24
1.888964825737752558e-23
6.094953030188820662e-24
1.889867445363232483e-23
6.097583698259004518e-24
1.890521236797575861e-23
6.100104664493330616e-24
1.891102784516692256e-23
6.103057029085452336e-24
1.891726572013245428e-23
6.105853718836452160e-24
1.892189837395474083e-23
6.108221911469305313e-24
1.892429966762894949e-23
6.110800960901789288e-24
1.892682306700287151e-23
6.113627400207166850e-24
1.892965019254971337e-23
6.115912369363013980e-24
1.893007121762000238e-23
6.117456717387651996e-24
1.892764988840248688e-23
6.118216982311586058e-24
1.892381023288011722e-23
6.116822875990726594e-24
1.891710610916785023e-23
6.111784767852410774e-24
