d_times = {5: [0.0044689178466796875, 0.035112857818603516, 0.27979898452758789, 
                2.2471358776092529, 17.92866587638855, 143.46836400032043],
           10: [0.010529994964599609, 0.067451953887939453, 0.53799605369567871, 
                4.301325798034668, 34.505891084671021, 275.25775098800659],
           20: [0.016490936279296875, 0.1321868896484375, 1.0589549541473389, 
                8.4530508518218994, 67.660418033599854, 544.89572095870972],
           40: [0.032664060592651367, 0.26032519340515137, 2.0922508239746094, 
                16.714588165283203, 133.43803691864014, 1075.0714859962463],
           80: [0.064790964126586914, 0.52124285697937012, 4.1840560436248779, 
                33.398322105407715, 266.18044400215149, 2129.4540109634399]
            }

na_ell_trunc = np.array([5, 10, 20, 40, 80, 160])